month,fico_low,new_used,seasoned,at_risk,repos,reversed
2017-03,660,1,0,597,0,0
2017-03,670,1,0,654,0,0
2017-03,680,1,0,1697,0,0
2017-03,690,1,0,1415,0,0
2017-03,700,1,0,2684,0,0
2017-03,700,2,0,177,0,0
2017-03,710,1,0,2138,0,0
2017-03,710,2,0,168,0,0
2017-03,720,1,0,3253,0,0
2017-03,720,2,0,166,0,0
2017-03,730,1,0,2899,0,0
2017-03,730,2,0,191,0,0
2017-03,740,1,0,2998,0,0
2017-03,740,2,0,280,0,0
2017-03,750,1,0,2826,0,0
2017-03,750,2,0,237,0,0
2017-03,760,1,0,2431,0,0
2017-03,760,2,0,205,0,0
2017-03,770,1,0,2348,0,0
2017-03,770,2,0,202,0,0
2017-03,780,1,0,2408,0,0
2017-03,780,2,0,198,0,0
2017-03,790,1,0,2211,0,0
2017-03,790,2,0,172,0,0
2017-03,800,1,0,2315,0,0
2017-03,800,2,0,197,0,0
2017-03,810,1,0,2388,0,0
2017-03,810,2,0,194,0,0
2017-03,820,1,0,2385,0,0
2017-03,820,2,0,226,0,0
2017-03,830,1,0,2246,0,0
2017-03,830,2,0,184,0,0
2017-03,840,1,0,2085,0,0
2017-03,840,2,0,175,0,0
2017-03,850,1,0,1961,0,0
2017-03,850,2,0,195,0,0
2017-03,860,1,0,1533,0,0
2017-03,860,2,0,148,0,0
2017-03,870,1,0,1070,0,0
2017-03,870,2,0,112,0,0
2017-03,880,1,0,399,0,0
2017-03,880,2,0,38,0,0
2017-03,890,1,0,87,0,0
2017-03,890,2,0,5,0,0
2017-04,660,1,0,588,0,0
2017-04,670,1,0,645,0,0
2017-04,680,1,0,1671,0,0
2017-04,690,1,0,1395,0,0
2017-04,700,1,0,2643,0,0
2017-04,700,2,0,177,0,0
2017-04,710,1,0,2104,0,0
2017-04,710,2,0,166,0,0
2017-04,720,1,0,3211,0,0
2017-04,720,2,0,163,0,0
2017-04,730,1,0,2863,0,0
2017-04,730,2,0,190,0,0
2017-04,740,1,0,2964,0,0
2017-04,740,2,0,279,0,0
2017-04,750,1,0,2799,0,0
2017-04,750,2,0,234,0,0
2017-04,760,1,0,2405,0,0
2017-04,760,2,0,203,0,0
2017-04,770,1,0,2324,0,0
2017-04,770,2,0,200,0,0
2017-04,780,1,0,2373,0,0
2017-04,780,2,0,197,0,0
2017-04,790,1,0,2178,0,0
2017-04,790,2,0,169,0,0
2017-04,800,1,0,2291,0,0
2017-04,800,2,0,195,0,0
2017-04,810,1,0,2362,0,0
2017-04,810,2,0,192,0,0
2017-04,820,1,0,2354,0,0
2017-04,820,2,0,224,0,0
2017-04,830,1,0,2219,0,0
2017-04,830,2,0,183,0,0
2017-04,840,1,0,2061,0,0
2017-04,840,2,0,172,0,0
2017-04,850,1,0,1936,0,0
2017-04,850,2,0,192,0,0
2017-04,860,1,0,1518,0,0
2017-04,860,2,0,148,0,0
2017-04,870,1,0,1058,0,0
2017-04,870,2,0,112,0,0
2017-04,880,1,0,393,0,0
2017-04,880,2,0,38,0,0
2017-04,890,1,0,84,0,0
2017-04,890,2,0,5,0,0
2017-05,660,1,0,579,0,0
2017-05,670,1,0,636,0,0
2017-05,680,1,0,1647,0,0
2017-05,690,1,0,1370,0,0
2017-05,700,1,0,2603,0,0
2017-05,700,2,0,173,0,0
2017-05,710,1,0,2065,0,0
2017-05,710,2,0,163,0,0
2017-05,720,1,0,3175,0,0
2017-05,720,2,0,161,0,0
2017-05,730,1,0,2829,0,0
2017-05,730,2,0,189,0,0
2017-05,740,1,0,2936,0,0
2017-05,740,2,0,275,0,0
2017-05,750,1,0,2762,0,0
2017-05,750,2,0,230,0,0
2017-05,760,1,0,2380,0,0
2017-05,760,2,0,201,0,0
2017-05,770,1,0,2287,0,0
2017-05,770,2,0,198,0,0
2017-05,780,1,0,2346,0,0
2017-05,780,2,0,193,0,0
2017-05,790,1,0,2151,0,0
2017-05,790,2,0,169,0,0
2017-05,800,1,0,2261,0,0
2017-05,800,2,0,194,0,0
2017-05,810,1,0,2337,0,0
2017-05,810,2,0,190,0,0
2017-05,820,1,0,2324,0,0
2017-05,820,2,0,222,0,0
2017-05,830,1,0,2190,0,0
2017-05,830,2,0,180,0,0
2017-05,840,1,0,2036,0,0
2017-05,840,2,0,170,0,0
2017-05,850,1,0,1913,0,0
2017-05,850,2,0,189,0,0
2017-05,860,1,0,1505,0,0
2017-05,860,2,0,147,0,0
2017-05,870,1,0,1052,0,0
2017-05,870,2,0,111,0,0
2017-05,880,1,0,390,0,0
2017-05,880,2,0,37,0,0
2017-05,890,1,0,82,0,0
2017-05,890,2,0,5,0,0
2017-06,660,1,0,572,0,0
2017-06,670,1,0,625,0,0
2017-06,680,1,0,1627,0,0
2017-06,690,1,0,1354,0,0
2017-06,700,1,0,2559,0,0
2017-06,700,2,0,169,0,0
2017-06,710,1,0,2035,0,0
2017-06,710,2,0,163,0,0
2017-06,720,1,0,3140,0,0
2017-06,720,2,0,160,0,0
2017-06,730,1,0,2793,0,0
2017-06,730,2,0,185,0,0
2017-06,740,1,0,2904,0,0
2017-06,740,2,0,273,0,0
2017-06,750,1,0,2730,0,0
2017-06,750,2,0,229,0,0
2017-06,760,1,0,2349,0,0
2017-06,760,2,0,198,0,0
2017-06,770,1,0,2261,0,0
2017-06,770,2,0,195,0,0
2017-06,780,1,0,2315,0,0
2017-06,780,2,0,192,0,0
2017-06,790,1,0,2134,0,0
2017-06,790,2,0,168,0,0
2017-06,800,1,0,2241,0,0
2017-06,800,2,0,193,0,0
2017-06,810,1,0,2317,0,0
2017-06,810,2,0,187,0,0
2017-06,820,1,0,2289,0,0
2017-06,820,2,0,220,0,0
2017-06,830,1,0,2168,0,0
2017-06,830,2,0,180,0,0
2017-06,840,1,0,2016,0,0
2017-06,840,2,0,166,0,0
2017-06,850,1,0,1898,0,0
2017-06,850,2,0,186,0,0
2017-06,860,1,0,1493,0,0
2017-06,860,2,0,145,0,0
2017-06,870,1,0,1037,0,0
2017-06,870,2,0,110,0,0
2017-06,880,1,0,389,0,0
2017-06,880,2,0,36,0,0
2017-06,890,1,0,81,0,0
2017-06,890,2,0,5,0,0
2017-07,660,1,0,566,1,1
2017-07,670,1,0,614,0,0
2017-07,680,1,0,1602,1,1
2017-07,690,1,0,1338,0,0
2017-07,700,1,0,2518,1,1
2017-07,700,2,0,166,0,0
2017-07,710,1,0,2004,0,0
2017-07,710,2,0,161,0,0
2017-07,720,1,0,3088,0,0
2017-07,720,2,0,157,1,1
2017-07,730,1,0,2748,0,0
2017-07,730,2,0,181,0,0
2017-07,740,1,0,2862,0,0
2017-07,740,2,0,270,0,0
2017-07,750,1,0,2694,0,0
2017-07,750,2,0,225,0,0
2017-07,760,1,0,2317,0,0
2017-07,760,2,0,195,0,0
2017-07,770,1,0,2229,0,0
2017-07,770,2,0,193,0,0
2017-07,780,1,0,2289,0,0
2017-07,780,2,0,190,0,0
2017-07,790,1,0,2112,0,0
2017-07,790,2,0,168,0,0
2017-07,800,1,0,2214,0,0
2017-07,800,2,0,191,0,0
2017-07,810,1,0,2288,0,0
2017-07,810,2,0,185,0,0
2017-07,820,1,0,2260,0,0
2017-07,820,2,0,219,0,0
2017-07,830,1,0,2143,0,0
2017-07,830,2,0,178,0,0
2017-07,840,1,0,1993,0,0
2017-07,840,2,0,162,0,0
2017-07,850,1,0,1880,0,0
2017-07,850,2,0,184,0,0
2017-07,860,1,0,1483,0,0
2017-07,860,2,0,144,0,0
2017-07,870,1,0,1032,0,0
2017-07,870,2,0,109,0,0
2017-07,880,1,0,388,0,0
2017-07,880,2,0,35,0,0
2017-07,890,1,0,81,0,0
2017-07,890,2,0,5,0,0
2017-08,660,1,0,2962,0,0
2017-08,660,1,1,559,2,0
2017-08,670,1,0,3176,1,0
2017-08,670,1,1,606,0,0
2017-08,680,1,0,2665,1,0
2017-08,680,1,1,1567,2,0
2017-08,690,1,0,2790,0,0
2017-08,690,1,1,1320,0,0
2017-08,700,1,0,3199,0,0
2017-08,700,1,1,2489,5,0
2017-08,700,2,0,115,0,0
2017-08,700,2,1,164,0,0
2017-08,710,1,0,3011,0,0
2017-08,710,1,1,1977,0,0
2017-08,710,2,0,106,0,0
2017-08,710,2,1,161,0,0
2017-08,720,1,0,5538,1,0
2017-08,720,1,1,3029,1,0
2017-08,720,2,0,210,0,0
2017-08,720,2,1,155,0,0
2017-08,730,1,0,4845,0,0
2017-08,730,1,1,2699,0,0
2017-08,730,2,0,209,0,0
2017-08,730,2,1,180,0,0
2017-08,740,1,0,4435,0,0
2017-08,740,1,1,2820,3,0
2017-08,740,2,0,566,0,0
2017-08,740,2,1,268,0,0
2017-08,750,1,0,4335,0,0
2017-08,750,1,1,2652,1,0
2017-08,750,2,0,479,0,0
2017-08,750,2,1,221,0,0
2017-08,760,1,0,3813,1,0
2017-08,760,1,1,2288,1,0
2017-08,760,2,0,430,0,0
2017-08,760,2,1,193,0,0
2017-08,770,1,0,3838,0,0
2017-08,770,1,1,2200,2,0
2017-08,770,2,0,424,0,0
2017-08,770,2,1,192,0,0
2017-08,780,1,0,4186,1,0
2017-08,780,1,1,2254,1,0
2017-08,780,2,0,438,0,0
2017-08,780,2,1,188,0,0
2017-08,790,1,0,3984,0,0
2017-08,790,1,1,2081,2,0
2017-08,790,2,0,391,0,0
2017-08,790,2,1,167,0,0
2017-08,800,1,0,4648,0,0
2017-08,800,1,1,2193,0,0
2017-08,800,2,0,426,0,0
2017-08,800,2,1,190,0,0
2017-08,810,1,0,4868,0,0
2017-08,810,1,1,2256,3,0
2017-08,810,2,0,379,0,0
2017-08,810,2,1,182,0,0
2017-08,820,1,0,5026,0,0
2017-08,820,1,1,2235,0,0
2017-08,820,2,0,417,0,0
2017-08,820,2,1,216,0,0
2017-08,830,1,0,4651,0,0
2017-08,830,1,1,2113,0,0
2017-08,830,2,0,372,0,0
2017-08,830,2,1,176,0,0
2017-08,840,1,0,3669,0,0
2017-08,840,1,1,1973,1,0
2017-08,840,2,0,348,0,0
2017-08,840,2,1,160,0,0
2017-08,850,1,0,3455,1,0
2017-08,850,1,1,1866,0,0
2017-08,850,2,0,339,0,0
2017-08,850,2,1,179,0,0
2017-08,860,1,0,2449,0,0
2017-08,860,1,1,1469,0,0
2017-08,860,2,0,242,0,0
2017-08,860,2,1,144,0,0
2017-08,870,1,0,1720,0,0
2017-08,870,1,1,1021,0,0
2017-08,870,2,0,151,0,0
2017-08,870,2,1,106,0,0
2017-08,880,1,0,628,0,0
2017-08,880,1,1,385,0,0
2017-08,880,2,0,77,0,0
2017-08,880,2,1,34,0,0
2017-08,890,1,0,165,0,0
2017-08,890,1,1,81,0,0
2017-08,890,2,0,8,0,0
2017-08,890,2,1,5,0,0
2017-09,660,1,0,2910,2,0
2017-09,660,1,1,552,2,0
2017-09,670,1,0,3101,0,0
2017-09,670,1,1,595,0,0
2017-09,680,1,0,2631,0,0
2017-09,680,1,1,1545,3,0
2017-09,690,1,0,2741,0,0
2017-09,690,1,1,1304,4,0
2017-09,700,1,0,3159,0,0
2017-09,700,1,1,2432,2,0
2017-09,700,2,0,113,0,0
2017-09,700,2,1,162,0,0
2017-09,710,1,0,2966,0,0
2017-09,710,1,1,1951,3,0
2017-09,710,2,0,105,0,0
2017-09,710,2,1,160,0,0
2017-09,720,1,0,5479,1,0
2017-09,720,1,1,2972,0,0
2017-09,720,2,0,206,0,0
2017-09,720,2,1,153,0,0
2017-09,730,1,0,4796,1,0
2017-09,730,1,1,2653,1,0
2017-09,730,2,0,206,0,0
2017-09,730,2,1,179,0,0
2017-09,740,1,0,4396,0,0
2017-09,740,1,1,2772,4,0
2017-09,740,2,0,560,1,0
2017-09,740,2,1,266,0,0
2017-09,750,1,0,4287,1,0
2017-09,750,1,1,2611,1,0
2017-09,750,2,0,477,0,0
2017-09,750,2,1,218,0,0
2017-09,760,1,0,3772,0,0
2017-09,760,1,1,2248,0,0
2017-09,760,2,0,424,0,0
2017-09,760,2,1,191,0,0
2017-09,770,1,0,3792,0,0
2017-09,770,1,1,2163,0,0
2017-09,770,2,0,415,0,0
2017-09,770,2,1,188,0,0
2017-09,780,1,0,4135,1,0
2017-09,780,1,1,2221,2,0
2017-09,780,2,0,435,0,0
2017-09,780,2,1,186,0,0
2017-09,790,1,0,3930,1,0
2017-09,790,1,1,2057,0,0
2017-09,790,2,0,384,0,0
2017-09,790,2,1,163,0,0
2017-09,800,1,0,4585,1,0
2017-09,800,1,1,2170,0,0
2017-09,800,2,0,421,0,0
2017-09,800,2,1,187,0,0
2017-09,810,1,0,4807,2,0
2017-09,810,1,1,2229,0,0
2017-09,810,2,0,375,0,0
2017-09,810,2,1,179,0,0
2017-09,820,1,0,4957,0,0
2017-09,820,1,1,2201,0,0
2017-09,820,2,0,410,0,0
2017-09,820,2,1,212,0,0
2017-09,830,1,0,4608,0,0
2017-09,830,1,1,2092,0,0
2017-09,830,2,0,365,0,0
2017-09,830,2,1,174,0,0
2017-09,840,1,0,3638,0,0
2017-09,840,1,1,1949,0,0
2017-09,840,2,0,341,0,0
2017-09,840,2,1,160,0,0
2017-09,850,1,0,3426,0,0
2017-09,850,1,1,1845,0,0
2017-09,850,2,0,334,0,0
2017-09,850,2,1,178,0,0
2017-09,860,1,0,2426,0,0
2017-09,860,1,1,1451,0,0
2017-09,860,2,0,239,0,0
2017-09,860,2,1,141,0,0
2017-09,870,1,0,1707,0,0
2017-09,870,1,1,1015,0,0
2017-09,870,2,0,150,0,0
2017-09,870,2,1,106,0,0
2017-09,880,1,0,622,0,0
2017-09,880,1,1,382,0,0
2017-09,880,2,0,77,0,0
2017-09,880,2,1,34,0,0
2017-09,890,1,0,164,0,0
2017-09,890,1,1,80,0,0
2017-09,890,2,0,8,0,0
2017-09,890,2,1,5,0,0
2017-10,660,1,0,2854,2,0
2017-10,660,1,1,541,1,0
2017-10,670,1,0,3043,1,0
2017-10,670,1,1,586,1,0
2017-10,680,1,0,2592,3,0
2017-10,680,1,1,1520,2,0
2017-10,690,1,0,2703,1,0
2017-10,690,1,1,1282,2,0
2017-10,700,1,0,3124,4,0
2017-10,700,1,1,2395,2,0
2017-10,700,2,0,112,0,0
2017-10,700,2,1,160,0,0
2017-10,710,1,0,2934,0,0
2017-10,710,1,1,1922,1,0
2017-10,710,2,0,104,0,0
2017-10,710,2,1,159,0,0
2017-10,720,1,0,5419,2,0
2017-10,720,1,1,2932,4,0
2017-10,720,2,0,205,0,0
2017-10,720,2,1,150,0,0
2017-10,730,1,0,4750,2,0
2017-10,730,1,1,2621,3,0
2017-10,730,2,0,204,0,0
2017-10,730,2,1,179,0,0
2017-10,740,1,0,4349,0,0
2017-10,740,1,1,2736,1,0
2017-10,740,2,0,552,0,0
2017-10,740,2,1,263,0,0
2017-10,750,1,0,4238,2,0
2017-10,750,1,1,2579,4,0
2017-10,750,2,0,472,0,0
2017-10,750,2,1,217,0,0
2017-10,760,1,0,3733,0,0
2017-10,760,1,1,2218,1,0
2017-10,760,2,0,419,0,0
2017-10,760,2,1,185,0,0
2017-10,770,1,0,3746,1,0
2017-10,770,1,1,2136,0,0
2017-10,770,2,0,414,0,0
2017-10,770,2,1,188,0,0
2017-10,780,1,0,4104,1,0
2017-10,780,1,1,2192,3,0
2017-10,780,2,0,426,0,0
2017-10,780,2,1,185,0,0
2017-10,790,1,0,3889,1,0
2017-10,790,1,1,2035,1,0
2017-10,790,2,0,378,0,0
2017-10,790,2,1,162,0,0
2017-10,800,1,0,4526,1,0
2017-10,800,1,1,2140,2,0
2017-10,800,2,0,421,0,0
2017-10,800,2,1,185,0,0
2017-10,810,1,0,4764,1,0
2017-10,810,1,1,2201,0,0
2017-10,810,2,0,369,0,0
2017-10,810,2,1,177,0,0
2017-10,820,1,0,4910,0,0
2017-10,820,1,1,2178,0,0
2017-10,820,2,0,406,0,0
2017-10,820,2,1,211,0,0
2017-10,830,1,0,4556,0,0
2017-10,830,1,1,2072,0,0
2017-10,830,2,0,361,0,0
2017-10,830,2,1,172,0,0
2017-10,840,1,0,3608,1,0
2017-10,840,1,1,1926,0,0
2017-10,840,2,0,337,1,0
2017-10,840,2,1,160,0,0
2017-10,850,1,0,3401,0,0
2017-10,850,1,1,1832,0,0
2017-10,850,2,0,332,0,0
2017-10,850,2,1,175,0,0
2017-10,860,1,0,2403,0,0
2017-10,860,1,1,1440,0,0
2017-10,860,2,0,236,0,0
2017-10,860,2,1,140,0,0
2017-10,870,1,0,1693,0,0
2017-10,870,1,1,1000,0,0
2017-10,870,2,0,150,0,0
2017-10,870,2,1,105,0,0
2017-10,880,1,0,620,0,0
2017-10,880,1,1,377,0,0
2017-10,880,2,0,77,0,0
2017-10,880,2,1,34,0,0
2017-10,890,1,0,162,1,0
2017-10,890,1,1,80,0,0
2017-10,890,2,0,8,0,0
2017-10,890,2,1,5,0,0
2017-11,660,1,0,2788,4,0
2017-11,660,1,1,532,2,0
2017-11,670,1,0,2985,1,0
2017-11,670,1,1,576,0,0
2017-11,680,1,0,2551,3,0
2017-11,680,1,1,1486,3,0
2017-11,690,1,0,2669,2,0
2017-11,690,1,1,1260,2,0
2017-11,700,1,0,3077,0,0
2017-11,700,1,1,2355,3,0
2017-11,700,2,0,111,0,0
2017-11,700,2,1,156,0,0
2017-11,710,1,0,2886,2,0
2017-11,710,1,1,1886,1,0
2017-11,710,2,0,104,0,0
2017-11,710,2,1,157,0,0
2017-11,720,1,0,5353,4,0
2017-11,720,1,1,2873,3,0
2017-11,720,2,0,202,0,0
2017-11,720,2,1,148,0,0
2017-11,730,1,0,4703,2,0
2017-11,730,1,1,2575,3,0
2017-11,730,2,0,199,0,0
2017-11,730,2,1,176,0,0
2017-11,740,1,0,4296,0,0
2017-11,740,1,1,2699,2,0
2017-11,740,2,0,549,0,0
2017-11,740,2,1,259,0,0
2017-11,750,1,0,4174,1,0
2017-11,750,1,1,2524,2,0
2017-11,750,2,0,467,0,0
2017-11,750,2,1,213,0,0
2017-11,760,1,0,3690,1,0
2017-11,760,1,1,2182,1,0
2017-11,760,2,0,412,0,0
2017-11,760,2,1,182,0,0
2017-11,770,1,0,3708,0,0
2017-11,770,1,1,2107,1,0
2017-11,770,2,0,411,0,0
2017-11,770,2,1,186,1,0
2017-11,780,1,0,4051,2,0
2017-11,780,1,1,2159,2,0
2017-11,780,2,0,423,0,0
2017-11,780,2,1,183,1,0
2017-11,790,1,0,3848,0,0
2017-11,790,1,1,1996,0,0
2017-11,790,2,0,369,0,0
2017-11,790,2,1,161,0,0
2017-11,800,1,0,4470,1,0
2017-11,800,1,1,2114,0,0
2017-11,800,2,0,414,0,0
2017-11,800,2,1,182,0,0
2017-11,810,1,0,4705,2,0
2017-11,810,1,1,2163,0,0
2017-11,810,2,0,367,0,0
2017-11,810,2,1,174,0,0
2017-11,820,1,0,4853,1,0
2017-11,820,1,1,2153,1,0
2017-11,820,2,0,403,0,0
2017-11,820,2,1,207,0,0
2017-11,830,1,0,4499,0,0
2017-11,830,1,1,2048,0,0
2017-11,830,2,0,355,0,0
2017-11,830,2,1,171,0,0
2017-11,840,1,0,3578,0,0
2017-11,840,1,1,1907,0,0
2017-11,840,2,0,329,0,0
2017-11,840,2,1,159,0,0
2017-11,850,1,0,3373,0,0
2017-11,850,1,1,1816,0,0
2017-11,850,2,0,328,0,0
2017-11,850,2,1,172,0,0
2017-11,860,1,0,2390,0,0
2017-11,860,1,1,1426,0,0
2017-11,860,2,0,232,0,0
2017-11,860,2,1,140,0,0
2017-11,870,1,0,1675,0,0
2017-11,870,1,1,989,0,0
2017-11,870,2,0,149,0,0
2017-11,870,2,1,103,0,0
2017-11,880,1,0,618,0,0
2017-11,880,1,1,374,0,0
2017-11,880,2,0,77,0,0
2017-11,880,2,1,34,0,0
2017-11,890,1,0,159,0,0
2017-11,890,1,1,80,0,0
2017-11,890,2,0,8,0,0
2017-11,890,2,1,5,0,0
2017-12,660,1,0,3797,2,0
2017-12,660,1,1,522,3,0
2017-12,660,2,0,416,0,0
2017-12,670,1,0,4114,2,0
2017-12,670,1,1,570,0,0
2017-12,670,2,0,440,0,0
2017-12,680,1,0,4148,1,0
2017-12,680,1,1,1467,7,0
2017-12,680,2,0,607,0,0
2017-12,690,1,0,4270,2,0
2017-12,690,1,1,1238,0,0
2017-12,690,2,0,608,0,0
2017-12,700,1,0,7338,4,0
2017-12,700,1,1,2300,3,0
2017-12,700,2,0,507,0,0
2017-12,700,2,1,154,0,0
2017-12,710,1,0,6706,2,0
2017-12,710,1,1,1849,5,0
2017-12,710,2,0,445,0,0
2017-12,710,2,1,156,0,0
2017-12,720,1,0,9744,8,0
2017-12,720,1,1,2813,4,0
2017-12,720,2,0,589,0,0
2017-12,720,2,1,146,0,0
2017-12,730,1,0,8758,8,0
2017-12,730,1,1,2527,0,0
2017-12,730,2,0,559,0,0
2017-12,730,2,1,172,0,0
2017-12,740,1,0,8988,2,0
2017-12,740,1,1,2660,2,0
2017-12,740,2,0,864,0,0
2017-12,740,2,1,257,0,0
2017-12,750,1,0,8627,0,0
2017-12,750,1,1,2478,1,0
2017-12,750,2,0,797,0,0
2017-12,750,2,1,213,1,0
2017-12,760,1,0,7684,0,0
2017-12,760,1,1,2156,0,0
2017-12,760,2,0,700,1,0
2017-12,760,2,1,180,0,0
2017-12,770,1,0,7805,2,0
2017-12,770,1,1,2077,2,0
2017-12,770,2,0,672,0,0
2017-12,770,2,1,183,0,0
2017-12,780,1,0,8340,2,0
2017-12,780,1,1,2135,0,0
2017-12,780,2,0,677,0,0
2017-12,780,2,1,181,0,0
2017-12,790,1,0,7872,2,0
2017-12,790,1,1,1971,1,0
2017-12,790,2,0,581,0,0
2017-12,790,2,1,160,0,0
2017-12,800,1,0,8896,0,0
2017-12,800,1,1,2078,0,0
2017-12,800,2,0,650,0,0
2017-12,800,2,1,179,0,0
2017-12,810,1,0,9022,0,0
2017-12,810,1,1,2134,0,0
2017-12,810,2,0,588,0,0
2017-12,810,2,1,171,0,0
2017-12,820,1,0,9329,0,0
2017-12,820,1,1,2126,0,0
2017-12,820,2,0,619,0,0
2017-12,820,2,1,205,0,0
2017-12,830,1,0,8781,1,0
2017-12,830,1,1,2023,0,0
2017-12,830,2,0,585,0,0
2017-12,830,2,1,171,0,0
2017-12,840,1,0,7368,1,0
2017-12,840,1,1,1877,0,0
2017-12,840,2,0,508,0,0
2017-12,840,2,1,158,0,0
2017-12,850,1,0,7052,1,0
2017-12,850,1,1,1796,0,0
2017-12,850,2,0,506,0,0
2017-12,850,2,1,170,0,0
2017-12,860,1,0,5189,0,0
2017-12,860,1,1,1410,0,0
2017-12,860,2,0,355,0,0
2017-12,860,2,1,139,0,0
2017-12,870,1,0,3677,0,0
2017-12,870,1,1,972,0,0
2017-12,870,2,0,230,0,0
2017-12,870,2,1,102,0,0
2017-12,880,1,0,1385,0,0
2017-12,880,1,1,370,0,0
2017-12,880,2,0,114,0,0
2017-12,880,2,1,33,0,0
2017-12,890,1,0,361,0,0
2017-12,890,1,1,79,0,0
2017-12,890,2,0,16,0,0
2017-12,890,2,1,5,0,0
2018-01,660,1,0,1052,1,0
2018-01,660,1,1,3190,5,0
2018-01,660,2,0,410,0,0
2018-01,670,1,0,1180,1,0
2018-01,670,1,1,3428,2,0
2018-01,670,2,0,435,0,0
2018-01,680,1,0,1618,3,0
2018-01,680,1,1,3898,8,0
2018-01,680,2,0,599,0,0
2018-01,690,1,0,1619,3,0
2018-01,690,1,1,3802,5,0
2018-01,690,2,0,602,0,0
2018-01,700,1,0,4258,2,0
2018-01,700,1,1,5212,2,0
2018-01,700,2,0,398,0,0
2018-01,700,2,1,260,0,0
2018-01,710,1,0,3812,4,0
2018-01,710,1,1,4573,3,0
2018-01,710,2,0,340,0,0
2018-01,710,2,1,255,0,0
2018-01,720,1,0,4419,1,0
2018-01,720,1,1,7946,4,0
2018-01,720,2,0,387,0,0
2018-01,720,2,1,340,0,0
2018-01,730,1,0,4064,6,0
2018-01,730,1,1,7038,8,0
2018-01,730,2,0,357,0,0
2018-01,730,2,1,362,0,0
2018-01,740,1,0,4691,1,0
2018-01,740,1,1,6834,2,0
2018-01,740,2,0,319,0,0
2018-01,740,2,1,795,0,0
2018-01,750,1,0,4445,1,0
2018-01,750,1,1,6519,2,0
2018-01,750,2,0,333,0,0
2018-01,750,2,1,658,0,0
2018-01,760,1,0,4005,0,0
2018-01,760,1,1,5715,2,0
2018-01,760,2,0,291,0,0
2018-01,760,2,1,578,0,0
2018-01,770,1,0,4102,1,0
2018-01,770,1,1,5655,1,0
2018-01,770,2,0,262,0,0
2018-01,770,2,1,583,1,0
2018-01,780,1,0,4286,1,0
2018-01,780,1,1,6063,0,0
2018-01,780,2,0,258,0,0
2018-01,780,2,1,591,0,0
2018-01,790,1,0,4042,0,0
2018-01,790,1,1,5682,1,0
2018-01,790,2,0,214,0,0
2018-01,790,2,1,517,0,0
2018-01,800,1,0,4455,2,0
2018-01,800,1,1,6394,0,0
2018-01,800,2,0,237,0,0
2018-01,800,2,1,575,0,0
2018-01,810,1,0,4332,1,0
2018-01,810,1,1,6703,1,0
2018-01,810,2,0,225,0,0
2018-01,810,2,1,527,0,0
2018-01,820,1,0,4487,0,0
2018-01,820,1,1,6823,0,0
2018-01,820,2,0,220,0,0
2018-01,820,2,1,594,1,0
2018-01,830,1,0,4279,0,0
2018-01,830,1,1,6412,1,0
2018-01,830,2,0,232,0,0
2018-01,830,2,1,512,0,0
2018-01,840,1,0,3780,0,0
2018-01,840,1,1,5379,0,0
2018-01,840,2,0,179,0,0
2018-01,840,2,1,477,0,0
2018-01,850,1,0,3689,0,0
2018-01,850,1,1,5070,0,0
2018-01,850,2,0,179,0,0
2018-01,850,2,1,493,0,0
2018-01,860,1,0,2805,0,0
2018-01,860,1,1,3745,0,0
2018-01,860,2,0,123,0,0
2018-01,860,2,1,363,0,0
2018-01,870,1,0,2003,0,0
2018-01,870,1,1,2603,0,0
2018-01,870,2,0,85,0,0
2018-01,870,2,1,245,0,0
2018-01,880,1,0,771,0,0
2018-01,880,1,1,978,0,0
2018-01,880,2,0,37,0,0
2018-01,880,2,1,108,0,0
2018-01,890,1,0,203,0,0
2018-01,890,1,1,235,0,0
2018-01,890,2,0,8,0,0
2018-01,890,2,1,13,0,0
2018-02,660,1,0,1032,1,0
2018-02,660,1,1,3113,4,0
2018-02,660,2,0,399,0,0
2018-02,670,1,0,1160,2,0
2018-02,670,1,1,3336,3,0
2018-02,670,2,0,426,0,0
2018-02,680,1,0,1590,3,0
2018-02,680,1,1,3816,6,0
2018-02,680,2,0,592,0,0
2018-02,690,1,0,1594,3,0
2018-02,690,1,1,3716,3,0
2018-02,690,2,0,593,0,0
2018-02,700,1,0,4190,4,0
2018-02,700,1,1,5082,4,0
2018-02,700,2,0,396,0,0
2018-02,700,2,1,254,0,0
2018-02,710,1,0,3741,1,0
2018-02,710,1,1,4444,10,0
2018-02,710,2,0,338,0,0
2018-02,710,2,1,246,0,0
2018-02,720,1,0,4358,5,0
2018-02,720,1,1,7754,10,0
2018-02,720,2,0,384,0,0
2018-02,720,2,1,337,0,0
2018-02,730,1,0,3992,6,0
2018-02,730,1,1,6861,9,0
2018-02,730,2,0,353,0,0
2018-02,730,2,1,353,0,0
2018-02,740,1,0,4629,0,0
2018-02,740,1,1,6738,10,0
2018-02,740,2,0,314,0,0
2018-02,740,2,1,783,0,0
2018-02,750,1,0,4376,1,0
2018-02,750,1,1,6409,4,0
2018-02,750,2,0,329,0,0
2018-02,750,2,1,643,1,0
2018-02,760,1,0,3943,2,0
2018-02,760,1,1,5626,4,0
2018-02,760,2,0,290,0,0
2018-02,760,2,1,566,0,0
2018-02,770,1,0,4044,1,0
2018-02,770,1,1,5569,0,0
2018-02,770,2,0,257,0,0
2018-02,770,2,1,572,0,0
2018-02,780,1,0,4232,1,0
2018-02,780,1,1,5965,1,0
2018-02,780,2,0,258,0,0
2018-02,780,2,1,580,0,0
2018-02,790,1,0,3987,0,0
2018-02,790,1,1,5600,0,0
2018-02,790,2,0,210,0,0
2018-02,790,2,1,511,0,0
2018-02,800,1,0,4386,2,0
2018-02,800,1,1,6291,1,0
2018-02,800,2,0,230,0,0
2018-02,800,2,1,566,1,0
2018-02,810,1,0,4261,1,0
2018-02,810,1,1,6588,0,0
2018-02,810,2,0,223,0,0
2018-02,810,2,1,515,0,0
2018-02,820,1,0,4416,1,0
2018-02,820,1,1,6723,0,0
2018-02,820,2,0,219,0,0
2018-02,820,2,1,585,0,0
2018-02,830,1,0,4219,0,0
2018-02,830,1,1,6313,1,0
2018-02,830,2,0,228,0,0
2018-02,830,2,1,502,0,0
2018-02,840,1,0,3739,1,0
2018-02,840,1,1,5313,1,0
2018-02,840,2,0,177,0,0
2018-02,840,2,1,473,0,0
2018-02,850,1,0,3647,0,0
2018-02,850,1,1,5005,0,0
2018-02,850,2,0,174,0,0
2018-02,850,2,1,483,0,0
2018-02,860,1,0,2772,0,0
2018-02,860,1,1,3706,1,0
2018-02,860,2,0,123,0,0
2018-02,860,2,1,361,0,0
2018-02,870,1,0,1986,0,0
2018-02,870,1,1,2582,0,0
2018-02,870,2,0,83,0,0
2018-02,870,2,1,237,0,0
2018-02,880,1,0,764,0,0
2018-02,880,1,1,968,0,0
2018-02,880,2,0,37,0,0
2018-02,880,2,1,108,0,0
2018-02,890,1,0,202,0,0
2018-02,890,1,1,234,0,0
2018-02,890,2,0,8,0,0
2018-02,890,2,1,13,0,0
2018-03,660,1,0,1632,2,0
2018-03,660,1,1,3051,1,0
2018-03,660,2,0,616,0,0
2018-03,670,1,0,1739,1,0
2018-03,670,1,1,3251,7,0
2018-03,670,2,0,632,2,0
2018-03,680,1,0,2546,3,0
2018-03,680,1,1,3746,2,0
2018-03,680,2,0,805,0,0
2018-03,690,1,0,2533,3,0
2018-03,690,1,1,3656,5,0
2018-03,690,2,0,798,1,0
2018-03,700,1,0,6149,6,0
2018-03,700,1,1,4982,2,0
2018-03,700,2,0,633,0,0
2018-03,700,2,1,250,0,0
2018-03,710,1,0,5394,2,0
2018-03,710,1,1,4338,2,0
2018-03,710,2,0,528,0,0
2018-03,710,2,1,245,1,0
2018-03,720,1,0,6882,2,0
2018-03,720,1,1,7581,6,0
2018-03,720,2,0,611,0,0
2018-03,720,2,1,334,0,0
2018-03,730,1,0,6226,9,0
2018-03,730,1,1,6719,4,0
2018-03,730,2,0,596,0,0
2018-03,730,2,1,349,0,0
2018-03,740,1,0,7389,3,0
2018-03,740,1,1,6635,3,0
2018-03,740,2,0,575,1,0
2018-03,740,2,1,773,0,0
2018-03,750,1,0,6896,4,0
2018-03,750,1,1,6315,2,0
2018-03,750,2,0,568,0,0
2018-03,750,2,1,635,0,0
2018-03,760,1,0,6116,3,0
2018-03,760,1,1,5561,6,0
2018-03,760,2,0,490,0,0
2018-03,760,2,1,556,0,0
2018-03,770,1,0,6318,1,0
2018-03,770,1,1,5502,1,0
2018-03,770,2,0,417,0,0
2018-03,770,2,1,562,0,0
2018-03,780,1,0,6609,2,0
2018-03,780,1,1,5885,2,0
2018-03,780,2,0,425,0,0
2018-03,780,2,1,572,0,0
2018-03,790,1,0,6275,2,0
2018-03,790,1,1,5530,1,0
2018-03,790,2,0,392,0,0
2018-03,790,2,1,507,0,0
2018-03,800,1,0,6782,0,0
2018-03,800,1,1,6214,1,0
2018-03,800,2,0,415,0,0
2018-03,800,2,1,557,0,0
2018-03,810,1,0,6615,0,0
2018-03,810,1,1,6497,1,0
2018-03,810,2,0,381,0,0
2018-03,810,2,1,503,0,0
2018-03,820,1,0,6950,1,0
2018-03,820,1,1,6611,1,0
2018-03,820,2,0,413,0,0
2018-03,820,2,1,577,0,0
2018-03,830,1,0,6620,1,0
2018-03,830,1,1,6245,0,0
2018-03,830,2,0,371,0,0
2018-03,830,2,1,497,0,0
2018-03,840,1,0,6019,0,0
2018-03,840,1,1,5252,1,0
2018-03,840,2,0,337,0,0
2018-03,840,2,1,469,0,0
2018-03,850,1,0,5861,0,0
2018-03,850,1,1,4953,0,0
2018-03,850,2,0,300,0,0
2018-03,850,2,1,470,0,0
2018-03,860,1,0,4449,0,0
2018-03,860,1,1,3675,0,0
2018-03,860,2,0,223,0,0
2018-03,860,2,1,357,0,0
2018-03,870,1,0,3159,0,0
2018-03,870,1,1,2557,0,0
2018-03,870,2,0,145,0,0
2018-03,870,2,1,237,0,0
2018-03,880,1,0,1204,0,0
2018-03,880,1,1,959,0,0
2018-03,880,2,0,61,0,0
2018-03,880,2,1,108,0,0
2018-03,890,1,0,324,0,0
2018-03,890,1,1,233,0,0
2018-03,890,2,0,13,0,0
2018-03,890,2,1,13,0,0
2018-04,660,1,0,617,2,0
2018-04,660,1,1,3951,8,0
2018-04,660,2,0,220,0,0
2018-04,660,2,1,387,1,0
2018-04,670,1,0,589,0,0
2018-04,670,1,1,4277,7,0
2018-04,670,2,0,211,0,0
2018-04,670,2,1,408,0,0
2018-04,680,1,0,977,1,0
2018-04,680,1,1,5208,5,0
2018-04,680,2,0,222,0,0
2018-04,680,2,1,563,0,0
2018-04,690,1,0,963,1,0
2018-04,690,1,1,5087,0,0
2018-04,690,2,0,216,0,0
2018-04,690,2,1,571,0,0
2018-04,700,1,0,2005,2,0
2018-04,700,1,1,8931,10,0
2018-04,700,2,0,240,1,0
2018-04,700,2,1,627,0,0
2018-04,710,1,0,1706,1,0
2018-04,710,1,1,7840,8,0
2018-04,710,2,0,190,0,0
2018-04,710,2,1,572,0,0
2018-04,720,1,0,2563,1,0
2018-04,720,1,1,11554,13,0
2018-04,720,2,0,232,0,0
2018-04,720,2,1,701,0,0
2018-04,730,1,0,2269,0,0
2018-04,730,1,1,10358,10,0
2018-04,730,2,0,242,0,0
2018-04,730,2,1,689,0,0
2018-04,740,1,0,2778,3,0
2018-04,740,1,1,11001,7,0
2018-04,740,2,0,263,0,0
2018-04,740,2,1,1062,1,0
2018-04,750,1,0,2546,2,0
2018-04,750,1,1,10434,4,0
2018-04,750,2,0,243,0,0
2018-04,750,2,1,941,0,0
2018-04,760,1,0,2212,2,0
2018-04,760,1,1,9245,3,0
2018-04,760,2,0,198,0,0
2018-04,760,2,1,833,0,0
2018-04,770,1,0,2302,1,0
2018-04,770,1,1,9297,2,0
2018-04,770,2,0,162,0,0
2018-04,770,2,1,799,0,0
2018-04,780,1,0,2410,0,0
2018-04,780,1,1,9859,1,0
2018-04,780,2,0,171,0,0
2018-04,780,2,1,811,0,0
2018-04,790,1,0,2324,1,0
2018-04,790,1,1,9278,4,0
2018-04,790,2,0,179,0,0
2018-04,790,2,1,705,0,0
2018-04,800,1,0,2408,0,0
2018-04,800,1,1,10342,2,0
2018-04,800,2,0,189,0,0
2018-04,800,2,1,771,0,0
2018-04,810,1,0,2383,1,0
2018-04,810,1,1,10474,0,0
2018-04,810,2,0,156,0,0
2018-04,810,2,1,712,0,0
2018-04,820,1,0,2570,1,0
2018-04,820,1,1,10751,0,0
2018-04,820,2,0,199,0,0
2018-04,820,2,1,777,0,0
2018-04,830,1,0,2422,0,0
2018-04,830,1,1,10249,1,0
2018-04,830,2,0,143,0,0
2018-04,830,2,1,716,0,0
2018-04,840,1,0,2293,0,0
2018-04,840,1,1,8810,0,0
2018-04,840,2,0,166,0,0
2018-04,840,2,1,627,0,0
2018-04,850,1,0,2229,0,0
2018-04,850,1,1,8452,1,0
2018-04,850,2,0,126,0,0
2018-04,850,2,1,636,0,0
2018-04,860,1,0,1686,0,0
2018-04,860,1,1,6342,0,0
2018-04,860,2,0,102,0,0
2018-04,860,2,1,466,0,0
2018-04,870,1,0,1174,0,0
2018-04,870,1,1,4473,2,0
2018-04,870,2,0,61,0,0
2018-04,870,2,1,315,0,0
2018-04,880,1,0,445,0,0
2018-04,880,1,1,1699,1,0
2018-04,880,2,0,24,0,0
2018-04,880,2,1,145,0,0
2018-04,890,1,0,124,0,0
2018-04,890,1,1,431,0,0
2018-04,890,2,0,5,0,0
2018-04,890,2,1,20,0,0
2018-05,660,1,0,600,0,0
2018-05,660,1,1,3850,6,0
2018-05,660,2,0,214,1,0
2018-05,660,2,1,381,0,0
2018-05,670,1,0,578,0,0
2018-05,670,1,1,4165,5,0
2018-05,670,2,0,210,0,0
2018-05,670,2,1,401,0,0
2018-05,680,1,0,963,1,0
2018-05,680,1,1,5083,3,0
2018-05,680,2,0,220,0,0
2018-05,680,2,1,553,2,0
2018-05,690,1,0,948,3,0
2018-05,690,1,1,4974,5,0
2018-05,690,2,0,216,0,0
2018-05,690,2,1,558,0,0
2018-05,700,1,0,1987,1,0
2018-05,700,1,1,8747,13,0
2018-05,700,2,0,236,0,0
2018-05,700,2,1,622,0,0
2018-05,710,1,0,1689,2,0
2018-05,710,1,1,7676,4,0
2018-05,710,2,0,189,0,0
2018-05,710,2,1,563,0,0
2018-05,720,1,0,2538,3,0
2018-05,720,1,1,11286,10,0
2018-05,720,2,0,230,0,0
2018-05,720,2,1,690,0,0
2018-05,730,1,0,2251,0,0
2018-05,730,1,1,10151,7,0
2018-05,730,2,0,241,0,0
2018-05,730,2,1,678,0,0
2018-05,740,1,0,2735,2,0
2018-05,740,1,1,10745,2,0
2018-05,740,2,0,263,1,0
2018-05,740,2,1,1042,0,0
2018-05,750,1,0,2503,2,0
2018-05,750,1,1,10234,2,0
2018-05,750,2,0,241,0,0
2018-05,750,2,1,927,0,0
2018-05,760,1,0,2183,1,0
2018-05,760,1,1,9039,4,0
2018-05,760,2,0,198,0,0
2018-05,760,2,1,825,1,0
2018-05,770,1,0,2272,0,0
2018-05,770,1,1,9128,0,0
2018-05,770,2,0,158,0,0
2018-05,770,2,1,790,0,0
2018-05,780,1,0,2373,0,0
2018-05,780,1,1,9645,1,0
2018-05,780,2,0,169,1,0
2018-05,780,2,1,797,0,0
2018-05,790,1,0,2287,0,0
2018-05,790,1,1,9088,1,0
2018-05,790,2,0,177,0,0
2018-05,790,2,1,696,0,0
2018-05,800,1,0,2368,1,0
2018-05,800,1,1,10132,2,0
2018-05,800,2,0,186,0,0
2018-05,800,2,1,762,0,0
2018-05,810,1,0,2336,0,0
2018-05,810,1,1,10256,2,0
2018-05,810,2,0,156,0,0
2018-05,810,2,1,701,1,0
2018-05,820,1,0,2533,0,0
2018-05,820,1,1,10531,0,0
2018-05,820,2,0,199,0,0
2018-05,820,2,1,762,0,0
2018-05,830,1,0,2386,1,0
2018-05,830,1,1,10056,1,0
2018-05,830,2,0,138,0,0
2018-05,830,2,1,707,0,0
2018-05,840,1,0,2261,0,0
2018-05,840,1,1,8658,0,0
2018-05,840,2,0,164,0,0
2018-05,840,2,1,620,0,0
2018-05,850,1,0,2194,0,0
2018-05,850,1,1,8351,0,0
2018-05,850,2,0,123,0,0
2018-05,850,2,1,623,0,0
2018-05,860,1,0,1668,0,0
2018-05,860,1,1,6264,0,0
2018-05,860,2,0,101,0,0
2018-05,860,2,1,459,0,0
2018-05,870,1,0,1160,0,0
2018-05,870,1,1,4426,0,0
2018-05,870,2,0,61,0,0
2018-05,870,2,1,312,0,0
2018-05,880,1,0,444,0,0
2018-05,880,1,1,1682,0,0
2018-05,880,2,0,23,0,0
2018-05,880,2,1,144,0,0
2018-05,890,1,0,123,0,0
2018-05,890,1,1,430,0,0
2018-05,890,2,0,5,0,0
2018-05,890,2,1,20,0,0
2018-06,660,1,0,594,1,0
2018-06,660,1,1,3752,7,0
2018-06,660,2,0,212,0,0
2018-06,660,2,1,373,0,0
2018-06,670,1,0,571,0,0
2018-06,670,1,1,4074,3,0
2018-06,670,2,0,208,0,0
2018-06,670,2,1,391,0,0
2018-06,680,1,0,950,3,0
2018-06,680,1,1,4972,6,0
2018-06,680,2,0,216,0,0
2018-06,680,2,1,542,0,0
2018-06,690,1,0,938,0,0
2018-06,690,1,1,4858,4,0
2018-06,690,2,0,212,0,0
2018-06,690,2,1,548,0,0
2018-06,700,1,0,1964,0,0
2018-06,700,1,1,8557,5,0
2018-06,700,2,0,232,0,0
2018-06,700,2,1,615,0,0
2018-06,710,1,0,1673,4,0
2018-06,710,1,1,7536,4,0
2018-06,710,2,0,186,0,0
2018-06,710,2,1,552,0,0
2018-06,720,1,0,2508,3,0
2018-06,720,1,1,11051,13,0
2018-06,720,2,0,225,0,0
2018-06,720,2,1,676,0,0
2018-06,730,1,0,2230,2,0
2018-06,730,1,1,9969,11,0
2018-06,730,2,0,240,0,0
2018-06,730,2,1,660,0,0
2018-06,740,1,0,2690,3,0
2018-06,740,1,1,10528,1,0
2018-06,740,2,0,262,1,0
2018-06,740,2,1,1026,1,0
2018-06,750,1,0,2465,0,0
2018-06,750,1,1,10064,5,0
2018-06,750,2,0,241,0,0
2018-06,750,2,1,917,0,0
2018-06,760,1,0,2154,2,0
2018-06,760,1,1,8862,0,0
2018-06,760,2,0,193,0,0
2018-06,760,2,1,808,1,0
2018-06,770,1,0,2228,0,0
2018-06,770,1,1,8987,4,0
2018-06,770,2,0,156,0,0
2018-06,770,2,1,780,0,0
2018-06,780,1,0,2329,0,0
2018-06,780,1,1,9486,1,0
2018-06,780,2,0,167,0,0
2018-06,780,2,1,786,0,0
2018-06,790,1,0,2241,0,0
2018-06,790,1,1,8927,0,0
2018-06,790,2,0,174,0,0
2018-06,790,2,1,681,0,0
2018-06,800,1,0,2332,0,0
2018-06,800,1,1,9945,1,0
2018-06,800,2,0,182,0,0
2018-06,800,2,1,750,0,0
2018-06,810,1,0,2297,0,0
2018-06,810,1,1,10058,1,0
2018-06,810,2,0,154,0,0
2018-06,810,2,1,691,0,0
2018-06,820,1,0,2490,0,0
2018-06,820,1,1,10348,0,0
2018-06,820,2,0,199,0,0
2018-06,820,2,1,748,0,0
2018-06,830,1,0,2345,0,0
2018-06,830,1,1,9866,0,0
2018-06,830,2,0,136,0,0
2018-06,830,2,1,691,0,0
2018-06,840,1,0,2227,0,0
2018-06,840,1,1,8540,0,0
2018-06,840,2,0,161,0,0
2018-06,840,2,1,612,0,0
2018-06,850,1,0,2169,0,0
2018-06,850,1,1,8236,0,0
2018-06,850,2,0,120,0,0
2018-06,850,2,1,617,0,0
2018-06,860,1,0,1650,0,0
2018-06,860,1,1,6200,0,0
2018-06,860,2,0,99,0,0
2018-06,860,2,1,456,1,0
2018-06,870,1,0,1151,0,0
2018-06,870,1,1,4375,0,0
2018-06,870,2,0,61,0,0
2018-06,870,2,1,307,0,0
2018-06,880,1,0,440,0,0
2018-06,880,1,1,1670,0,0
2018-06,880,2,0,23,0,0
2018-06,880,2,1,141,0,0
2018-06,890,1,0,121,0,0
2018-06,890,1,1,425,0,0
2018-06,890,2,0,5,0,0
2018-06,890,2,1,20,0,0
2018-07,660,1,0,736,0,0
2018-07,660,1,1,4241,8,0
2018-07,660,2,0,42,0,0
2018-07,660,2,1,581,0,0
2018-07,670,1,0,676,0,0
2018-07,670,1,1,4538,6,0
2018-07,670,2,0,31,0,0
2018-07,670,2,1,585,1,0
2018-07,680,1,0,1233,1,0
2018-07,680,1,1,5791,9,0
2018-07,680,2,0,5,0,0
2018-07,680,2,1,740,0,0
2018-07,690,1,0,1154,0,0
2018-07,690,1,1,5661,2,0
2018-07,690,2,0,8,0,0
2018-07,690,2,1,753,0,0
2018-07,700,1,0,2363,0,0
2018-07,700,1,1,10289,4,0
2018-07,700,2,0,82,0,0
2018-07,700,2,1,828,0,0
2018-07,710,1,0,1959,0,0
2018-07,710,1,1,8998,4,0
2018-07,710,2,0,79,0,0
2018-07,710,2,1,729,0,0
2018-07,720,1,0,3372,1,0
2018-07,720,1,1,13296,8,0
2018-07,720,2,0,113,0,0
2018-07,720,2,1,886,0,0
2018-07,730,1,0,3053,1,0
2018-07,730,1,1,11961,4,0
2018-07,730,2,0,121,0,0
2018-07,730,2,1,886,0,0
2018-07,740,1,0,2357,0,0
2018-07,740,1,1,12981,8,0
2018-07,740,2,0,389,0,0
2018-07,740,2,1,1263,1,0
2018-07,750,1,0,2316,0,0
2018-07,750,1,1,12300,4,0
2018-07,750,2,0,366,1,0
2018-07,750,2,1,1143,1,0
2018-07,760,1,0,2058,0,0
2018-07,760,1,1,10800,2,0
2018-07,760,2,0,314,0,0
2018-07,760,2,1,989,0,0
2018-07,770,1,0,2174,0,0
2018-07,770,1,1,11013,4,0
2018-07,770,2,0,293,0,0
2018-07,770,2,1,921,1,0
2018-07,780,1,0,2329,0,0
2018-07,780,1,1,11614,5,0
2018-07,780,2,0,281,0,0
2018-07,780,2,1,940,0,0
2018-07,790,1,0,2232,0,0
2018-07,790,1,1,10961,2,0
2018-07,790,2,0,281,0,0
2018-07,790,2,1,844,0,0
2018-07,800,1,0,2335,0,0
2018-07,800,1,1,12053,3,0
2018-07,800,2,0,235,0,0
2018-07,800,2,1,915,0,0
2018-07,810,1,0,2304,0,0
2018-07,810,1,1,12141,2,0
2018-07,810,2,0,239,0,0
2018-07,810,2,1,836,0,0
2018-07,820,1,0,2297,0,0
2018-07,820,1,1,12586,0,0
2018-07,820,2,0,225,0,0
2018-07,820,2,1,931,0,0
2018-07,830,1,0,1998,0,0
2018-07,830,1,1,11992,0,0
2018-07,830,2,0,175,0,0
2018-07,830,2,1,812,0,0
2018-07,840,1,0,1873,0,0
2018-07,840,1,1,10618,0,0
2018-07,840,2,0,154,0,0
2018-07,840,2,1,761,0,0
2018-07,850,1,0,2309,0,0
2018-07,850,1,1,10258,0,0
2018-07,850,2,0,196,0,0
2018-07,850,2,1,723,0,0
2018-07,860,1,0,1869,0,0
2018-07,860,1,1,7749,0,0
2018-07,860,2,0,147,0,0
2018-07,860,2,1,546,0,0
2018-07,870,1,0,1174,0,0
2018-07,870,1,1,5470,0,0
2018-07,870,2,0,89,0,0
2018-07,870,2,1,363,0,0
2018-07,880,1,0,465,0,0
2018-07,880,1,1,2092,0,0
2018-07,880,2,0,23,0,0
2018-07,880,2,1,158,0,0
2018-07,890,1,0,118,0,0
2018-07,890,1,1,541,0,0
2018-07,890,2,0,7,0,0
2018-07,890,2,1,25,0,0
2018-08,660,1,0,732,0,0
2018-08,660,1,1,4120,5,0
2018-08,660,2,0,41,0,0
2018-08,660,2,1,573,2,0
2018-08,670,1,0,669,0,0
2018-08,670,1,1,4431,5,0
2018-08,670,2,0,31,0,0
2018-08,670,2,1,569,0,0
2018-08,680,1,0,1223,0,0
2018-08,680,1,1,5668,7,0
2018-08,680,2,0,5,0,0
2018-08,680,2,1,729,0,0
2018-08,690,1,0,1140,5,0
2018-08,690,1,1,5550,4,0
2018-08,690,2,0,8,0,0
2018-08,690,2,1,745,0,0
2018-08,700,1,0,2342,2,0
2018-08,700,1,1,10050,10,0
2018-08,700,2,0,81,0,0
2018-08,700,2,1,819,0,0
2018-08,710,1,0,1946,0,0
2018-08,710,1,1,8748,8,0
2018-08,710,2,0,79,0,0
2018-08,710,2,1,717,1,0
2018-08,720,1,0,3354,1,0
2018-08,720,1,1,13032,13,0
2018-08,720,2,0,112,0,0
2018-08,720,2,1,867,0,0
2018-08,730,1,0,3034,2,0
2018-08,730,1,1,11714,5,0
2018-08,730,2,0,119,0,0
2018-08,730,2,1,868,0,0
2018-08,740,1,0,2336,0,0
2018-08,740,1,1,12689,7,0
2018-08,740,2,0,386,0,0
2018-08,740,2,1,1239,1,0
2018-08,750,1,0,2286,1,0
2018-08,750,1,1,12070,7,0
2018-08,750,2,0,363,0,0
2018-08,750,2,1,1124,0,0
2018-08,760,1,0,2039,0,0
2018-08,760,1,1,10566,2,0
2018-08,760,2,0,305,0,0
2018-08,760,2,1,971,0,0
2018-08,770,1,0,2154,1,0
2018-08,770,1,1,10800,2,0
2018-08,770,2,0,290,0,0
2018-08,770,2,1,905,0,0
2018-08,780,1,0,2308,0,0
2018-08,780,1,1,11332,2,0
2018-08,780,2,0,278,0,0
2018-08,780,2,1,924,0,0
2018-08,790,1,0,2216,1,0
2018-08,790,1,1,10705,4,0
2018-08,790,2,0,280,0,0
2018-08,790,2,1,834,0,0
2018-08,800,1,0,2296,0,0
2018-08,800,1,1,11754,3,0
2018-08,800,2,0,233,0,0
2018-08,800,2,1,901,0,0
2018-08,810,1,0,2265,0,0
2018-08,810,1,1,11842,1,0
2018-08,810,2,0,237,0,0
2018-08,810,2,1,824,0,0
2018-08,820,1,0,2262,0,0
2018-08,820,1,1,12249,2,0
2018-08,820,2,0,224,1,0
2018-08,820,2,1,913,0,0
2018-08,830,1,0,1978,0,0
2018-08,830,1,1,11722,2,0
2018-08,830,2,0,172,0,0
2018-08,830,2,1,790,0,0
2018-08,840,1,0,1848,0,0
2018-08,840,1,1,10452,2,0
2018-08,840,2,0,152,0,0
2018-08,840,2,1,749,0,0
2018-08,850,1,0,2281,0,0
2018-08,850,1,1,10105,1,0
2018-08,850,2,0,194,0,0
2018-08,850,2,1,714,0,0
2018-08,860,1,0,1850,0,0
2018-08,860,1,1,7655,0,0
2018-08,860,2,0,146,0,0
2018-08,860,2,1,544,0,0
2018-08,870,1,0,1166,0,0
2018-08,870,1,1,5395,1,0
2018-08,870,2,0,86,0,0
2018-08,870,2,1,358,0,0
2018-08,880,1,0,457,0,0
2018-08,880,1,1,2071,0,0
2018-08,880,2,0,23,0,0
2018-08,880,2,1,156,0,0
2018-08,890,1,0,117,0,0
2018-08,890,1,1,536,0,0
2018-08,890,2,0,7,0,0
2018-08,890,2,1,25,0,0
2018-09,660,1,0,719,2,0
2018-09,660,1,1,3975,8,0
2018-09,660,2,0,41,0,0
2018-09,660,2,1,557,0,0
2018-09,670,1,0,660,1,0
2018-09,670,1,1,4313,6,0
2018-09,670,2,0,31,0,0
2018-09,670,2,1,555,0,0
2018-09,680,1,0,1206,3,0
2018-09,680,1,1,5542,9,0
2018-09,680,2,0,5,0,0
2018-09,680,2,1,712,0,0
2018-09,690,1,0,1122,0,0
2018-09,690,1,1,5414,8,0
2018-09,690,2,0,8,0,0
2018-09,690,2,1,733,0,0
2018-09,700,1,0,2314,2,0
2018-09,700,1,1,9830,9,0
2018-09,700,2,0,81,0,0
2018-09,700,2,1,798,0,0
2018-09,710,1,0,1922,1,0
2018-09,710,1,1,8583,4,0
2018-09,710,2,0,77,0,0
2018-09,710,2,1,709,0,0
2018-09,720,1,0,3337,0,0
2018-09,720,1,1,12786,8,0
2018-09,720,2,0,112,0,0
2018-09,720,2,1,852,0,0
2018-09,730,1,0,2994,1,0
2018-09,730,1,1,11460,11,0
2018-09,730,2,0,119,0,0
2018-09,730,2,1,857,0,0
2018-09,740,1,0,2312,0,0
2018-09,740,1,1,12366,6,0
2018-09,740,2,0,379,0,0
2018-09,740,2,1,1215,0,0
2018-09,750,1,0,2256,2,0
2018-09,750,1,1,11727,5,0
2018-09,750,2,0,360,1,0
2018-09,750,2,1,1107,0,0
2018-09,760,1,0,2014,1,0
2018-09,760,1,1,10306,3,0
2018-09,760,2,0,303,0,0
2018-09,760,2,1,957,0,0
2018-09,770,1,0,2130,0,0
2018-09,770,1,1,10494,5,0
2018-09,770,2,0,285,0,0
2018-09,770,2,1,897,0,0
2018-09,780,1,0,2272,0,0
2018-09,780,1,1,10965,2,0
2018-09,780,2,0,274,1,0
2018-09,780,2,1,909,0,0
2018-09,790,1,0,2183,1,0
2018-09,790,1,1,10396,1,0
2018-09,790,2,0,274,0,0
2018-09,790,2,1,822,0,0
2018-09,800,1,0,2260,2,0
2018-09,800,1,1,11346,0,0
2018-09,800,2,0,231,0,0
2018-09,800,2,1,883,0,0
2018-09,810,1,0,2229,1,0
2018-09,810,1,1,11420,1,0
2018-09,810,2,0,234,0,0
2018-09,810,2,1,809,0,0
2018-09,820,1,0,2238,0,0
2018-09,820,1,1,11797,1,0
2018-09,820,2,0,218,0,0
2018-09,820,2,1,897,0,0
2018-09,830,1,0,1956,0,0
2018-09,830,1,1,11344,0,0
2018-09,830,2,0,167,0,0
2018-09,830,2,1,771,0,0
2018-09,840,1,0,1827,0,0
2018-09,840,1,1,10213,1,0
2018-09,840,2,0,152,0,0
2018-09,840,2,1,735,0,0
2018-09,850,1,0,2251,0,0
2018-09,850,1,1,9880,0,0
2018-09,850,2,0,189,0,0
2018-09,850,2,1,702,0,0
2018-09,860,1,0,1838,0,0
2018-09,860,1,1,7529,0,0
2018-09,860,2,0,146,0,0
2018-09,860,2,1,539,0,0
2018-09,870,1,0,1154,0,0
2018-09,870,1,1,5298,0,0
2018-09,870,2,0,85,0,0
2018-09,870,2,1,354,0,0
2018-09,880,1,0,454,0,0
2018-09,880,1,1,2033,0,0
2018-09,880,2,0,23,0,0
2018-09,880,2,1,154,0,0
2018-09,890,1,0,116,0,0
2018-09,890,1,1,529,0,0
2018-09,890,2,0,7,0,0
2018-09,890,2,1,25,0,0
2018-10,660,1,0,709,1,0
2018-10,660,1,1,3838,10,0
2018-10,660,2,0,41,0,0
2018-10,660,2,1,548,0,0
2018-10,670,1,0,655,2,0
2018-10,670,1,1,4179,6,0
2018-10,670,2,0,30,0,0
2018-10,670,2,1,537,0,0
2018-10,680,1,0,1193,2,0
2018-10,680,1,1,5395,10,0
2018-10,680,2,0,5,0,0
2018-10,680,2,1,701,1,0
2018-10,690,1,0,1112,4,0
2018-10,690,1,1,5227,4,0
2018-10,690,2,0,8,0,0
2018-10,690,2,1,721,0,0
2018-10,700,1,0,2292,6,0
2018-10,700,1,1,9604,12,0
2018-10,700,2,0,81,0,0
2018-10,700,2,1,789,0,0
2018-10,710,1,0,1902,3,0
2018-10,710,1,1,8390,9,0
2018-10,710,2,0,77,0,0
2018-10,710,2,1,696,0,0
2018-10,720,1,0,3305,3,0
2018-10,720,1,1,12524,15,0
2018-10,720,2,0,112,0,0
2018-10,720,2,1,836,0,0
2018-10,730,1,0,2971,3,0
2018-10,730,1,1,11230,16,0
2018-10,730,2,0,115,0,0
2018-10,730,2,1,848,0,0
2018-10,740,1,0,2284,1,0
2018-10,740,1,1,12067,5,0
2018-10,740,2,0,378,0,0
2018-10,740,2,1,1194,0,0
2018-10,750,1,0,2233,1,0
2018-10,750,1,1,11411,4,0
2018-10,750,2,0,355,0,0
2018-10,750,2,1,1092,1,0
2018-10,760,1,0,1987,1,0
2018-10,760,1,1,9987,2,0
2018-10,760,2,0,297,0,0
2018-10,760,2,1,947,1,0
2018-10,770,1,0,2108,0,0
2018-10,770,1,1,10199,2,0
2018-10,770,2,0,283,0,0
2018-10,770,2,1,883,0,0
2018-10,780,1,0,2245,0,0
2018-10,780,1,1,10645,6,0
2018-10,780,2,0,270,1,0
2018-10,780,2,1,890,0,0
2018-10,790,1,0,2160,0,0
2018-10,790,1,1,10075,1,0
2018-10,790,2,0,271,0,0
2018-10,790,2,1,807,0,0
2018-10,800,1,0,2233,0,0
2018-10,800,1,1,10975,1,0
2018-10,800,2,0,231,0,0
2018-10,800,2,1,873,0,0
2018-10,810,1,0,2199,0,0
2018-10,810,1,1,10942,0,0
2018-10,810,2,0,234,0,0
2018-10,810,2,1,792,1,0
2018-10,820,1,0,2214,0,0
2018-10,820,1,1,11349,2,0
2018-10,820,2,0,217,0,0
2018-10,820,2,1,887,0,0
2018-10,830,1,0,1922,0,0
2018-10,830,1,1,10935,3,0
2018-10,830,2,0,162,0,0
2018-10,830,2,1,760,0,0
2018-10,840,1,0,1798,1,0
2018-10,840,1,1,9963,0,0
2018-10,840,2,0,152,0,0
2018-10,840,2,1,730,0,0
2018-10,850,1,0,2230,0,0
2018-10,850,1,1,9673,1,0
2018-10,850,2,0,186,0,0
2018-10,850,2,1,691,0,0
2018-10,860,1,0,1821,0,0
2018-10,860,1,1,7400,0,0
2018-10,860,2,0,145,0,0
2018-10,860,2,1,528,0,0
2018-10,870,1,0,1146,1,0
2018-10,870,1,1,5210,1,0
2018-10,870,2,0,84,0,0
2018-10,870,2,1,351,0,0
2018-10,880,1,0,452,0,0
2018-10,880,1,1,2011,0,0
2018-10,880,2,0,23,0,0
2018-10,880,2,1,153,0,0
2018-10,890,1,0,115,0,0
2018-10,890,1,1,518,0,0
2018-10,890,2,0,7,0,0
2018-10,890,2,1,24,0,0
2018-11,660,1,0,695,1,0
2018-11,660,1,1,3704,4,0
2018-11,660,2,0,40,0,0
2018-11,660,2,1,535,0,0
2018-11,670,1,0,638,1,0
2018-11,670,1,1,4031,5,0
2018-11,670,2,0,30,0,0
2018-11,670,2,1,526,0,0
2018-11,680,1,0,1167,1,0
2018-11,680,1,1,5224,8,0
2018-11,680,2,0,4,0,0
2018-11,680,2,1,688,0,0
2018-11,690,1,0,1092,3,0
2018-11,690,1,1,5084,3,0
2018-11,690,2,0,8,0,0
2018-11,690,2,1,705,1,0
2018-11,700,1,0,2251,4,0
2018-11,700,1,1,9358,12,0
2018-11,700,2,0,81,0,0
2018-11,700,2,1,778,2,0
2018-11,710,1,0,1869,0,0
2018-11,710,1,1,8185,5,0
2018-11,710,2,0,75,0,0
2018-11,710,2,1,689,0,0
2018-11,720,1,0,3255,0,0
2018-11,720,1,1,12211,9,0
2018-11,720,2,0,112,0,0
2018-11,720,2,1,822,0,0
2018-11,730,1,0,2928,2,0
2018-11,730,1,1,10977,8,0
2018-11,730,2,0,113,0,0
2018-11,730,2,1,836,0,0
2018-11,740,1,0,2248,2,0
2018-11,740,1,1,11742,8,0
2018-11,740,2,0,374,0,0
2018-11,740,2,1,1176,0,0
2018-11,750,1,0,2194,1,0
2018-11,750,1,1,11117,3,0
2018-11,750,2,0,346,1,0
2018-11,750,2,1,1075,0,0
2018-11,760,1,0,1961,0,0
2018-11,760,1,1,9710,3,0
2018-11,760,2,0,295,0,0
2018-11,760,2,1,920,0,0
2018-11,770,1,0,2063,0,0
2018-11,770,1,1,9930,2,0
2018-11,770,2,0,277,0,0
2018-11,770,2,1,872,1,0
2018-11,780,1,0,2202,0,0
2018-11,780,1,1,10309,0,0
2018-11,780,2,0,266,0,0
2018-11,780,2,1,868,0,0
2018-11,790,1,0,2132,0,0
2018-11,790,1,1,9766,0,0
2018-11,790,2,0,268,0,0
2018-11,790,2,1,792,0,0
2018-11,800,1,0,2196,0,0
2018-11,800,1,1,10621,0,0
2018-11,800,2,0,226,0,0
2018-11,800,2,1,859,0,0
2018-11,810,1,0,2136,0,0
2018-11,810,1,1,10556,2,0
2018-11,810,2,0,227,0,0
2018-11,810,2,1,781,0,0
2018-11,820,1,0,2172,1,0
2018-11,820,1,1,10922,0,0
2018-11,820,2,0,213,0,0
2018-11,820,2,1,872,0,0
2018-11,830,1,0,1889,0,0
2018-11,830,1,1,10589,1,0
2018-11,830,2,0,159,0,0
2018-11,830,2,1,744,0,0
2018-11,840,1,0,1767,0,0
2018-11,840,1,1,9749,2,0
2018-11,840,2,0,147,0,0
2018-11,840,2,1,722,0,0
2018-11,850,1,0,2202,0,0
2018-11,850,1,1,9470,1,0
2018-11,850,2,0,181,0,0
2018-11,850,2,1,683,0,0
2018-11,860,1,0,1803,0,0
2018-11,860,1,1,7277,0,0
2018-11,860,2,0,144,0,0
2018-11,860,2,1,520,0,0
2018-11,870,1,0,1129,0,0
2018-11,870,1,1,5127,0,0
2018-11,870,2,0,83,0,0
2018-11,870,2,1,348,0,0
2018-11,880,1,0,445,0,0
2018-11,880,1,1,1990,0,0
2018-11,880,2,0,23,0,0
2018-11,880,2,1,153,0,0
2018-11,890,1,0,113,0,0
2018-11,890,1,1,514,0,0
2018-11,890,2,0,7,0,0
2018-11,890,2,1,24,0,0
2018-12,660,1,0,805,2,0
2018-12,660,1,1,4316,3,0
2018-12,660,2,0,9,0,0
2018-12,660,2,1,558,0,0
2018-12,670,1,0,726,0,0
2018-12,670,1,1,4569,3,0
2018-12,670,2,0,22,0,0
2018-12,670,2,1,550,0,0
2018-12,680,1,0,1232,0,0
2018-12,680,1,1,6200,4,0
2018-12,680,2,1,677,0,0
2018-12,690,1,0,1128,2,0
2018-12,690,1,1,6001,6,0
2018-12,690,2,0,3,0,0
2018-12,690,2,1,703,1,0
2018-12,700,1,0,2415,0,0
2018-12,700,1,1,11374,10,0
2018-12,700,2,0,85,0,0
2018-12,700,2,1,846,0,0
2018-12,710,1,0,1994,2,0
2018-12,710,1,1,9819,14,0
2018-12,710,2,0,91,0,0
2018-12,710,2,1,745,0,0
2018-12,720,1,0,3234,1,0
2018-12,720,1,1,15208,8,0
2018-12,720,2,0,113,0,0
2018-12,720,2,1,923,0,0
2018-12,730,1,0,2732,1,0
2018-12,730,1,1,13675,5,0
2018-12,730,2,0,100,0,0
2018-12,730,2,1,936,0,0
2018-12,740,1,0,2759,0,0
2018-12,740,1,1,13698,3,0
2018-12,740,2,0,282,0,0
2018-12,740,2,1,1526,0,0
2018-12,750,1,0,2487,1,0
2018-12,750,1,1,13071,7,0
2018-12,750,2,0,275,0,0
2018-12,750,2,1,1405,0,0
2018-12,760,1,0,2177,0,0
2018-12,760,1,1,11455,6,0
2018-12,760,2,0,242,0,0
2018-12,760,2,1,1199,0,0
2018-12,770,1,0,2174,0,0
2018-12,770,1,1,11759,8,0
2018-12,770,2,0,235,0,0
2018-12,770,2,1,1133,0,0
2018-12,780,1,0,2173,0,0
2018-12,780,1,1,12271,0,0
2018-12,780,2,0,250,0,0
2018-12,780,2,1,1111,0,0
2018-12,790,1,0,2060,0,0
2018-12,790,1,1,11655,3,0
2018-12,790,2,0,206,0,0
2018-12,790,2,1,1043,0,0
2018-12,800,1,0,2293,0,0
2018-12,800,1,1,12538,2,0
2018-12,800,2,0,264,0,0
2018-12,800,2,1,1073,0,0
2018-12,810,1,0,2208,0,0
2018-12,810,1,1,12382,0,0
2018-12,810,2,0,223,0,0
2018-12,810,2,1,993,0,0
2018-12,820,1,0,2104,0,0
2018-12,820,1,1,12790,0,0
2018-12,820,2,0,263,0,0
2018-12,820,2,1,1066,0,0
2018-12,830,1,0,2395,1,0
2018-12,830,1,1,12223,0,0
2018-12,830,2,0,241,0,0
2018-12,830,2,1,890,0,0
2018-12,840,1,0,2200,0,0
2018-12,840,1,1,11341,2,0
2018-12,840,2,0,222,0,0
2018-12,840,2,1,857,0,0
2018-12,850,1,0,2177,0,0
2018-12,850,1,1,11500,2,0
2018-12,850,2,0,239,0,0
2018-12,850,2,1,854,0,0
2018-12,860,1,0,1651,0,0
2018-12,860,1,1,8957,0,0
2018-12,860,2,0,173,0,0
2018-12,860,2,1,652,0,0
2018-12,870,1,0,1240,0,0
2018-12,870,1,1,6183,1,0
2018-12,870,2,0,115,0,0
2018-12,870,2,1,425,0,0
2018-12,880,1,0,679,0,0
2018-12,880,1,1,2414,0,0
2018-12,880,2,0,43,0,0
2018-12,880,2,1,175,0,0
2018-12,890,1,0,233,0,0
2018-12,890,1,1,619,0,0
2018-12,890,2,0,15,0,0
2018-12,890,2,1,31,0,0
2019-01,660,1,0,799,1,0
2019-01,660,1,1,4186,6,0
2019-01,660,2,0,9,0,0
2019-01,660,2,1,540,2,0
2019-01,670,1,0,719,0,0
2019-01,670,1,1,4421,4,0
2019-01,670,2,0,22,0,0
2019-01,670,2,1,537,0,0
2019-01,680,1,0,1225,1,0
2019-01,680,1,1,6018,8,0
2019-01,680,2,1,668,0,0
2019-01,690,1,0,1118,0,0
2019-01,690,1,1,5826,9,0
2019-01,690,2,0,3,0,0
2019-01,690,2,1,692,0,0
2019-01,700,1,0,2393,0,0
2019-01,700,1,1,11067,9,0
2019-01,700,2,0,85,0,0
2019-01,700,2,1,830,0,0
2019-01,710,1,0,1981,0,0
2019-01,710,1,1,9502,7,0
2019-01,710,2,0,89,0,0
2019-01,710,2,1,734,0,0
2019-01,720,1,0,3199,3,0
2019-01,720,1,1,14886,9,0
2019-01,720,2,0,112,0,0
2019-01,720,2,1,910,1,0
2019-01,730,1,0,2719,1,0
2019-01,730,1,1,13385,13,0
2019-01,730,2,0,97,0,0
2019-01,730,2,1,922,0,0
2019-01,740,1,0,2740,1,0
2019-01,740,1,1,13418,8,0
2019-01,740,2,0,279,0,0
2019-01,740,2,1,1508,1,0
2019-01,750,1,0,2457,0,0
2019-01,750,1,1,12797,2,0
2019-01,750,2,0,273,0,0
2019-01,750,2,1,1382,0,0
2019-01,760,1,0,2157,0,0
2019-01,760,1,1,11215,5,0
2019-01,760,2,0,240,0,0
2019-01,760,2,1,1183,0,0
2019-01,770,1,0,2158,0,0
2019-01,770,1,1,11503,1,0
2019-01,770,2,0,231,0,0
2019-01,770,2,1,1105,0,0
2019-01,780,1,0,2155,0,0
2019-01,780,1,1,12000,1,0
2019-01,780,2,0,245,0,0
2019-01,780,2,1,1095,0,0
2019-01,790,1,0,2040,1,0
2019-01,790,1,1,11407,4,0
2019-01,790,2,0,205,0,0
2019-01,790,2,1,1025,1,0
2019-01,800,1,0,2269,1,0
2019-01,800,1,1,12282,2,0
2019-01,800,2,0,261,0,0
2019-01,800,2,1,1051,0,0
2019-01,810,1,0,2194,0,0
2019-01,810,1,1,12129,0,0
2019-01,810,2,0,221,0,0
2019-01,810,2,1,974,0,0
2019-01,820,1,0,2080,0,0
2019-01,820,1,1,12506,3,0
2019-01,820,2,0,260,0,0
2019-01,820,2,1,1048,0,0
2019-01,830,1,0,2372,0,0
2019-01,830,1,1,11996,1,0
2019-01,830,2,0,238,0,0
2019-01,830,2,1,879,0,0
2019-01,840,1,0,2172,1,0
2019-01,840,1,1,11172,1,0
2019-01,840,2,0,219,0,0
2019-01,840,2,1,834,0,0
2019-01,850,1,0,2165,0,0
2019-01,850,1,1,11338,0,0
2019-01,850,2,0,237,0,0
2019-01,850,2,1,840,0,0
2019-01,860,1,0,1630,0,0
2019-01,860,1,1,8845,0,0
2019-01,860,2,0,170,0,0
2019-01,860,2,1,640,0,0
2019-01,870,1,0,1231,0,0
2019-01,870,1,1,6091,2,0
2019-01,870,2,0,114,0,0
2019-01,870,2,1,413,0,0
2019-01,880,1,0,675,0,0
2019-01,880,1,1,2382,0,0
2019-01,880,2,0,43,0,0
2019-01,880,2,1,174,0,0
2019-01,890,1,0,231,0,0
2019-01,890,1,1,614,0,0
2019-01,890,2,0,15,0,0
2019-01,890,2,1,30,0,0
2019-02,660,1,0,2659,4,0
2019-02,660,1,1,4063,8,0
2019-02,660,2,0,10,1,0
2019-02,660,2,1,524,0,0
2019-02,670,1,0,2457,1,0
2019-02,670,1,1,4287,2,0
2019-02,670,2,0,21,0,0
2019-02,670,2,1,521,1,0
2019-02,680,1,0,3326,1,0
2019-02,680,1,1,5845,9,0
2019-02,680,2,1,650,1,0
2019-02,690,1,0,3291,2,0
2019-02,690,1,1,5639,8,0
2019-02,690,2,0,4,0,0
2019-02,690,2,1,678,1,0
2019-02,700,1,0,4139,6,0
2019-02,700,1,1,10724,10,0
2019-02,700,2,0,993,0,0
2019-02,700,2,1,822,0,0
2019-02,710,1,0,3580,1,0
2019-02,710,1,1,9177,9,0
2019-02,710,2,0,911,0,0
2019-02,710,2,1,720,0,0
2019-02,720,1,0,6139,1,0
2019-02,720,1,1,14486,13,0
2019-02,720,2,0,1097,0,0
2019-02,720,2,1,886,0,0
2019-02,730,1,0,5342,2,0
2019-02,730,1,1,13026,16,0
2019-02,730,2,0,1015,0,0
2019-02,730,2,1,898,0,0
2019-02,740,1,0,5923,3,0
2019-02,740,1,1,13101,5,0
2019-02,740,2,0,341,0,0
2019-02,740,2,1,1483,1,0
2019-02,750,1,0,5367,1,0
2019-02,750,1,1,12523,4,0
2019-02,750,2,0,338,0,0
2019-02,750,2,1,1360,0,0
2019-02,760,1,0,4679,1,0
2019-02,760,1,1,10934,3,0
2019-02,760,2,0,290,0,0
2019-02,760,2,1,1161,0,0
2019-02,770,1,0,4681,0,0
2019-02,770,1,1,11242,0,0
2019-02,770,2,0,304,0,0
2019-02,770,2,1,1088,0,0
2019-02,780,1,0,4678,3,0
2019-02,780,1,1,11732,2,0
2019-02,780,2,0,307,0,0
2019-02,780,2,1,1074,0,0
2019-02,790,1,0,4421,0,0
2019-02,790,1,1,11121,0,0
2019-02,790,2,0,270,0,0
2019-02,790,2,1,1000,0,0
2019-02,800,1,0,4946,1,0
2019-02,800,1,1,11996,4,0
2019-02,800,2,0,356,0,0
2019-02,800,2,1,1030,0,0
2019-02,810,1,0,4865,1,0
2019-02,810,1,1,11800,2,0
2019-02,810,2,0,297,0,0
2019-02,810,2,1,952,0,0
2019-02,820,1,0,4920,3,0
2019-02,820,1,1,12193,1,0
2019-02,820,2,0,344,0,0
2019-02,820,2,1,1024,0,0
2019-02,830,1,0,5165,0,0
2019-02,830,1,1,11692,2,0
2019-02,830,2,0,321,0,0
2019-02,830,2,1,864,0,0
2019-02,840,1,0,4842,0,0
2019-02,840,1,1,10933,1,0
2019-02,840,2,0,302,0,0
2019-02,840,2,1,821,0,0
2019-02,850,1,0,4632,0,0
2019-02,850,1,1,11153,1,0
2019-02,850,2,0,316,0,0
2019-02,850,2,1,823,0,0
2019-02,860,1,0,3484,0,0
2019-02,860,1,1,8682,0,0
2019-02,860,2,0,242,0,0
2019-02,860,2,1,628,0,0
2019-02,870,1,0,2627,0,0
2019-02,870,1,1,6000,1,0
2019-02,870,2,0,156,0,0
2019-02,870,2,1,399,0,0
2019-02,880,1,0,1349,0,0
2019-02,880,1,1,2329,0,0
2019-02,880,2,0,69,0,0
2019-02,880,2,1,168,0,0
2019-02,890,1,0,445,0,0
2019-02,890,1,1,609,0,0
2019-02,890,2,0,22,0,0
2019-02,890,2,1,28,0,0
2019-03,660,1,0,2626,3,0
2019-03,660,1,1,3952,9,0
2019-03,660,2,0,9,0,0
2019-03,660,2,1,516,0,0
2019-03,670,1,0,2426,4,0
2019-03,670,1,1,4165,6,0
2019-03,670,2,0,21,0,0
2019-03,670,2,1,505,1,0
2019-03,680,1,0,3287,4,0
2019-03,680,1,1,5715,8,0
2019-03,680,2,1,638,1,0
2019-03,690,1,0,3256,4,0
2019-03,690,1,1,5486,9,0
2019-03,690,2,0,4,0,0
2019-03,690,2,1,663,1,0
2019-03,700,1,0,4088,3,0
2019-03,700,1,1,10503,15,0
2019-03,700,2,0,985,1,0
2019-03,700,2,1,812,0,0
2019-03,710,1,0,3540,1,0
2019-03,710,1,1,8982,17,0
2019-03,710,2,0,895,0,0
2019-03,710,2,1,705,0,0
2019-03,720,1,0,6073,6,0
2019-03,720,1,1,14234,10,0
2019-03,720,2,0,1083,0,0
2019-03,720,2,1,871,0,0
2019-03,730,1,0,5293,2,0
2019-03,730,1,1,12769,13,0
2019-03,730,2,0,1005,0,0
2019-03,730,2,1,880,0,0
2019-03,740,1,0,5869,1,0
2019-03,740,1,1,12846,12,0
2019-03,740,2,0,336,0,0
2019-03,740,2,1,1461,0,0
2019-03,750,1,0,5312,2,0
2019-03,750,1,1,12289,3,0
2019-03,750,2,0,330,0,0
2019-03,750,2,1,1337,2,0
2019-03,760,1,0,4634,1,0
2019-03,760,1,1,10726,8,0
2019-03,760,2,0,289,0,0
2019-03,760,2,1,1143,0,0
2019-03,770,1,0,4633,0,0
2019-03,770,1,1,11044,3,0
2019-03,770,2,0,302,0,0
2019-03,770,2,1,1071,0,0
2019-03,780,1,0,4628,0,0
2019-03,780,1,1,11498,1,0
2019-03,780,2,0,301,0,0
2019-03,780,2,1,1059,1,0
2019-03,790,1,0,4369,3,0
2019-03,790,1,1,10918,2,0
2019-03,790,2,0,265,0,0
2019-03,790,2,1,984,0,0
2019-03,800,1,0,4877,0,0
2019-03,800,1,1,11745,2,0
2019-03,800,2,0,355,0,0
2019-03,800,2,1,1008,0,0
2019-03,810,1,0,4800,1,0
2019-03,810,1,1,11550,3,0
2019-03,810,2,0,287,0,0
2019-03,810,2,1,931,1,0
2019-03,820,1,0,4858,0,0
2019-03,820,1,1,11962,1,0
2019-03,820,2,0,341,0,0
2019-03,820,2,1,1006,0,0
2019-03,830,1,0,5095,1,0
2019-03,830,1,1,11472,0,0
2019-03,830,2,0,314,0,0
2019-03,830,2,1,848,0,0
2019-03,840,1,0,4788,1,0
2019-03,840,1,1,10778,1,0
2019-03,840,2,0,298,0,0
2019-03,840,2,1,806,0,0
2019-03,850,1,0,4579,0,0
2019-03,850,1,1,10988,1,0
2019-03,850,2,0,310,0,0
2019-03,850,2,1,807,0,0
2019-03,860,1,0,3450,0,0
2019-03,860,1,1,8569,2,0
2019-03,860,2,0,240,0,0
2019-03,860,2,1,610,0,0
2019-03,870,1,0,2612,1,0
2019-03,870,1,1,5923,2,0
2019-03,870,2,0,155,0,0
2019-03,870,2,1,391,0,0
2019-03,880,1,0,1332,0,0
2019-03,880,1,1,2311,0,0
2019-03,880,2,0,68,0,0
2019-03,880,2,1,161,0,0
2019-03,890,1,0,442,0,0
2019-03,890,1,1,602,0,0
2019-03,890,2,0,21,0,0
2019-03,890,2,1,28,0,0
2019-04,660,1,0,1821,2,0
2019-04,660,1,1,4582,14,0
2019-04,660,2,0,1,0,0
2019-04,660,2,1,513,0,0
2019-04,670,1,0,1696,2,0
2019-04,670,1,1,4710,4,0
2019-04,670,2,1,506,0,0
2019-04,680,1,0,2070,2,0
2019-04,680,1,1,6746,8,0
2019-04,680,2,1,626,0,0
2019-04,690,1,0,2127,2,0
2019-04,690,1,1,6429,6,0
2019-04,690,2,0,1,0,0
2019-04,690,2,1,650,0,0
2019-04,700,1,0,1737,1,0
2019-04,700,1,1,12592,7,0
2019-04,700,2,0,888,0,0
2019-04,700,2,1,879,0,0
2019-04,710,1,0,1594,1,0
2019-04,710,1,1,10710,6,0
2019-04,710,2,0,794,0,0
2019-04,710,2,1,774,0,0
2019-04,720,1,0,2924,2,0
2019-04,720,1,1,17090,15,0
2019-04,720,2,0,961,1,0
2019-04,720,2,1,963,0,0
2019-04,730,1,0,2603,4,0
2019-04,730,1,1,15169,9,0
2019-04,730,2,0,896,0,0
2019-04,730,2,1,957,0,0
2019-04,740,1,0,3142,0,0
2019-04,740,1,1,15263,10,0
2019-04,740,2,0,61,0,0
2019-04,740,2,1,1698,1,0
2019-04,750,1,0,2869,0,0
2019-04,750,1,1,14477,4,0
2019-04,750,2,0,64,0,0
2019-04,750,2,1,1579,1,0
2019-04,760,1,0,2493,0,0
2019-04,760,1,1,12583,2,0
2019-04,760,2,0,55,0,0
2019-04,760,2,1,1357,0,0
2019-04,770,1,0,2476,0,0
2019-04,770,1,1,12921,6,0
2019-04,770,2,0,74,0,0
2019-04,770,2,1,1267,2,0
2019-04,780,1,0,2476,0,0
2019-04,780,1,1,13385,5,0
2019-04,780,2,0,62,0,0
2019-04,780,2,1,1277,0,0
2019-04,790,1,0,2319,0,0
2019-04,790,1,1,12697,2,0
2019-04,790,2,0,65,0,0
2019-04,790,2,1,1166,0,0
2019-04,800,1,0,2618,1,0
2019-04,800,1,1,13700,0,0
2019-04,800,2,0,99,0,0
2019-04,800,2,1,1229,1,0
2019-04,810,1,0,2610,0,0
2019-04,810,1,1,13441,4,0
2019-04,810,2,0,74,0,0
2019-04,810,2,1,1111,1,0
2019-04,820,1,0,2779,0,0
2019-04,820,1,1,13756,2,0
2019-04,820,2,0,83,0,0
2019-04,820,2,1,1236,0,0
2019-04,830,1,0,2747,0,0
2019-04,830,1,1,13529,1,0
2019-04,830,2,0,84,0,0
2019-04,830,2,1,1059,0,0
2019-04,840,1,0,2630,0,0
2019-04,840,1,1,12678,1,0
2019-04,840,2,0,79,0,0
2019-04,840,2,1,995,1,0
2019-04,850,1,0,2413,0,0
2019-04,850,1,1,12912,3,0
2019-04,850,2,0,76,0,0
2019-04,850,2,1,1010,0,0
2019-04,860,1,0,1837,0,0
2019-04,860,1,1,9989,0,0
2019-04,860,2,0,76,0,0
2019-04,860,2,1,754,1,0
2019-04,870,1,0,1374,0,0
2019-04,870,1,1,7029,0,0
2019-04,870,2,0,40,0,0
2019-04,870,2,1,493,0,0
2019-04,880,1,0,659,0,0
2019-04,880,1,1,2932,0,0
2019-04,880,2,0,26,0,0
2019-04,880,2,1,195,0,0
2019-04,890,1,0,214,0,0
2019-04,890,1,1,815,0,0
2019-04,890,2,0,8,0,0
2019-04,890,2,1,39,0,0
2019-05,660,1,0,3267,8,0
2019-05,660,1,1,4456,9,0
2019-05,660,2,0,408,1,0
2019-05,660,2,1,505,1,0
2019-05,670,1,0,3109,3,0
2019-05,670,1,1,4564,6,0
2019-05,670,2,0,337,0,0
2019-05,670,2,1,498,0,0
2019-05,680,1,0,3484,2,0
2019-05,680,1,1,6598,13,0
2019-05,680,2,0,336,0,0
2019-05,680,2,1,607,0,0
2019-05,690,1,0,3451,3,0
2019-05,690,1,1,6268,6,0
2019-05,690,2,0,334,0,0
2019-05,690,2,1,636,0,0
2019-05,700,1,0,4178,3,0
2019-05,700,1,1,12333,18,0
2019-05,700,2,0,1040,0,0
2019-05,700,2,1,864,0,0
2019-05,710,1,0,3663,2,0
2019-05,710,1,1,10512,7,0
2019-05,710,2,0,933,0,0
2019-05,710,2,1,759,1,0
2019-05,720,1,0,6315,3,0
2019-05,720,1,1,16768,16,0
2019-05,720,2,0,1147,0,0
2019-05,720,2,1,943,2,0
2019-05,730,1,0,5529,3,0
2019-05,730,1,1,14903,8,0
2019-05,730,2,0,1055,0,0
2019-05,730,2,1,933,0,0
2019-05,740,1,0,6963,4,0
2019-05,740,1,1,15014,8,0
2019-05,740,2,0,359,0,0
2019-05,740,2,1,1672,0,0
2019-05,750,1,0,6334,1,0
2019-05,750,1,1,14221,3,0
2019-05,750,2,0,348,0,0
2019-05,750,2,1,1547,0,0
2019-05,760,1,0,5476,1,0
2019-05,760,1,1,12360,3,0
2019-05,760,2,0,318,0,0
2019-05,760,2,1,1345,0,0
2019-05,770,1,0,5338,2,0
2019-05,770,1,1,12702,3,0
2019-05,770,2,0,345,0,0
2019-05,770,2,1,1246,0,0
2019-05,780,1,0,5401,2,0
2019-05,780,1,1,13147,3,0
2019-05,780,2,0,302,0,0
2019-05,780,2,1,1258,1,0
2019-05,790,1,0,5048,0,0
2019-05,790,1,1,12452,5,0
2019-05,790,2,0,358,0,0
2019-05,790,2,1,1125,0,0
2019-05,800,1,0,5351,2,0
2019-05,800,1,1,13446,2,0
2019-05,800,2,0,391,0,0
2019-05,800,2,1,1196,0,0
2019-05,810,1,0,5336,2,0
2019-05,810,1,1,13190,2,0
2019-05,810,2,0,353,0,0
2019-05,810,2,1,1089,0,0
2019-05,820,1,0,5593,1,0
2019-05,820,1,1,13465,2,0
2019-05,820,2,0,361,0,0
2019-05,820,2,1,1196,0,0
2019-05,830,1,0,5467,0,0
2019-05,830,1,1,13274,2,0
2019-05,830,2,0,374,0,0
2019-05,830,2,1,1029,0,0
2019-05,840,1,0,5076,1,0
2019-05,840,1,1,12454,1,0
2019-05,840,2,0,390,0,0
2019-05,840,2,1,967,0,0
2019-05,850,1,0,4971,0,0
2019-05,850,1,1,12693,2,0
2019-05,850,2,0,381,0,0
2019-05,850,2,1,998,0,0
2019-05,860,1,0,3718,0,0
2019-05,860,1,1,9847,1,0
2019-05,860,2,0,317,0,0
2019-05,860,2,1,734,0,0
2019-05,870,1,0,2764,1,0
2019-05,870,1,1,6928,0,0
2019-05,870,2,0,215,0,0
2019-05,870,2,1,484,0,0
2019-05,880,1,0,1316,0,0
2019-05,880,1,1,2881,0,0
2019-05,880,2,0,100,0,0
2019-05,880,2,1,190,0,0
2019-05,890,1,0,470,0,0
2019-05,890,1,1,803,0,0
2019-05,890,2,0,34,0,0
2019-05,890,2,1,39,0,0
2019-06,660,1,0,1462,3,0
2019-06,660,1,1,6082,10,0
2019-06,660,2,0,398,0,0
2019-06,660,2,1,491,1,0
2019-06,670,1,0,1419,7,0
2019-06,670,1,1,6106,14,0
2019-06,670,2,0,334,0,0
2019-06,670,2,1,480,1,0
2019-06,680,1,0,1423,1,0
2019-06,680,1,1,8452,8,0
2019-06,680,2,0,334,0,0
2019-06,680,2,1,597,2,0
2019-06,690,1,0,1355,0,0
2019-06,690,1,1,8185,10,0
2019-06,690,2,0,328,0,0
2019-06,690,2,1,620,0,0
2019-06,700,1,0,2433,1,0
2019-06,700,1,1,13822,8,0
2019-06,700,2,0,161,0,0
2019-06,700,2,1,1715,1,0
2019-06,710,1,0,2062,0,0
2019-06,710,1,1,11877,14,0
2019-06,710,2,0,145,0,0
2019-06,710,2,1,1516,0,0
2019-06,720,1,0,3393,1,0
2019-06,720,1,1,19350,13,0
2019-06,720,2,0,198,0,0
2019-06,720,2,1,1846,0,0
2019-06,730,1,0,2917,0,0
2019-06,730,1,1,17187,7,0
2019-06,730,2,0,168,0,0
2019-06,730,2,1,1791,1,0
2019-06,740,1,0,3813,4,0
2019-06,740,1,1,17791,6,0
2019-06,740,2,0,296,0,0
2019-06,740,2,1,1694,0,0
2019-06,750,1,0,3459,0,0
2019-06,750,1,1,16769,7,0
2019-06,750,2,0,283,0,0
2019-06,750,2,1,1581,0,0
2019-06,760,1,0,2985,0,0
2019-06,760,1,1,14555,6,0
2019-06,760,2,0,263,0,0
2019-06,760,2,1,1379,0,0
2019-06,770,1,0,2851,1,0
2019-06,770,1,1,14883,6,0
2019-06,770,2,0,265,0,0
2019-06,770,2,1,1302,0,0
2019-06,780,1,0,2911,3,0
2019-06,780,1,1,15314,3,0
2019-06,780,2,0,237,0,0
2019-06,780,2,1,1296,1,0
2019-06,790,1,0,2728,1,0
2019-06,790,1,1,14473,3,0
2019-06,790,2,0,289,0,0
2019-06,790,2,1,1162,0,0
2019-06,800,1,0,2729,0,0
2019-06,800,1,1,15728,4,0
2019-06,800,2,0,289,0,0
2019-06,800,2,1,1270,0,0
2019-06,810,1,0,2717,0,0
2019-06,810,1,1,15487,1,0
2019-06,810,2,0,272,0,0
2019-06,810,2,1,1139,0,0
2019-06,820,1,0,2804,1,0
2019-06,820,1,1,15917,1,0
2019-06,820,2,0,274,0,0
2019-06,820,2,1,1253,0,0
2019-06,830,1,0,2724,0,0
2019-06,830,1,1,15733,1,0
2019-06,830,2,0,288,0,0
2019-06,830,2,1,1083,0,0
2019-06,840,1,0,2449,0,0
2019-06,840,1,1,14804,2,0
2019-06,840,2,0,308,1,0
2019-06,840,2,1,1020,1,0
2019-06,850,1,0,2538,0,0
2019-06,850,1,1,14836,0,0
2019-06,850,2,0,300,0,0
2019-06,850,2,1,1052,1,0
2019-06,860,1,0,1881,1,0
2019-06,860,1,1,11490,0,0
2019-06,860,2,0,235,0,0
2019-06,860,2,1,786,1,0
2019-06,870,1,0,1386,0,0
2019-06,870,1,1,8168,0,0
2019-06,870,2,0,174,0,0
2019-06,870,2,1,510,0,0
2019-06,880,1,0,657,0,0
2019-06,880,1,1,3489,0,0
2019-06,880,2,0,72,0,0
2019-06,880,2,1,212,0,0
2019-06,890,1,0,255,0,0
2019-06,890,1,1,1004,0,0
2019-06,890,2,0,27,0,0
2019-06,890,2,1,45,0,0
2019-07,660,1,0,1439,3,0
2019-07,660,1,1,5918,8,0
2019-07,660,2,0,387,2,0
2019-07,660,2,1,483,0,0
2019-07,670,1,0,1390,2,0
2019-07,670,1,1,5973,13,0
2019-07,670,2,0,330,0,0
2019-07,670,2,1,471,2,0
2019-07,680,1,0,1411,0,0
2019-07,680,1,1,8281,15,0
2019-07,680,2,0,330,0,0
2019-07,680,2,1,574,0,0
2019-07,690,1,0,1336,0,0
2019-07,690,1,1,8030,12,0
2019-07,690,2,0,324,0,0
2019-07,690,2,1,613,0,0
2019-07,700,1,0,2412,4,0
2019-07,700,1,1,13601,16,0
2019-07,700,2,0,157,0,0
2019-07,700,2,1,1686,1,0
2019-07,710,1,0,2044,4,0
2019-07,710,1,1,11661,14,0
2019-07,710,2,0,143,0,0
2019-07,710,2,1,1496,1,0
2019-07,720,1,0,3354,1,0
2019-07,720,1,1,19031,20,0
2019-07,720,2,0,196,0,0
2019-07,720,2,1,1813,0,0
2019-07,730,1,0,2881,1,0
2019-07,730,1,1,16926,15,0
2019-07,730,2,0,166,0,0
2019-07,730,2,1,1764,0,0
2019-07,740,1,0,3758,3,0
2019-07,740,1,1,17473,10,0
2019-07,740,2,0,293,0,0
2019-07,740,2,1,1662,0,0
2019-07,750,1,0,3422,0,0
2019-07,750,1,1,16476,7,0
2019-07,750,2,0,279,0,0
2019-07,750,2,1,1548,0,0
2019-07,760,1,0,2946,4,0
2019-07,760,1,1,14275,0,0
2019-07,760,2,0,258,0,0
2019-07,760,2,1,1357,0,0
2019-07,770,1,0,2815,2,0
2019-07,770,1,1,14603,8,0
2019-07,770,2,0,261,0,0
2019-07,770,2,1,1286,0,0
2019-07,780,1,0,2870,1,0
2019-07,780,1,1,15028,2,0
2019-07,780,2,0,230,0,0
2019-07,780,2,1,1270,0,0
2019-07,790,1,0,2691,1,0
2019-07,790,1,1,14192,3,0
2019-07,790,2,0,284,0,0
2019-07,790,2,1,1139,0,0
2019-07,800,1,0,2692,1,0
2019-07,800,1,1,15423,0,0
2019-07,800,2,0,284,0,0
2019-07,800,2,1,1245,0,0
2019-07,810,1,0,2679,1,0
2019-07,810,1,1,15171,3,0
2019-07,810,2,0,266,0,0
2019-07,810,2,1,1114,0,0
2019-07,820,1,0,2766,0,0
2019-07,820,1,1,15573,0,0
2019-07,820,2,0,269,0,0
2019-07,820,2,1,1225,0,0
2019-07,830,1,0,2683,1,0
2019-07,830,1,1,15408,0,0
2019-07,830,2,0,284,0,0
2019-07,830,2,1,1063,0,0
2019-07,840,1,0,2413,0,0
2019-07,840,1,1,14539,2,0
2019-07,840,2,0,302,0,0
2019-07,840,2,1,989,0,0
2019-07,850,1,0,2508,0,0
2019-07,850,1,1,14594,0,0
2019-07,850,2,0,298,0,0
2019-07,850,2,1,1023,0,0
2019-07,860,1,0,1857,0,0
2019-07,860,1,1,11340,0,0
2019-07,860,2,0,230,0,0
2019-07,860,2,1,773,0,0
2019-07,870,1,0,1371,0,0
2019-07,870,1,1,8035,0,0
2019-07,870,2,0,172,0,0
2019-07,870,2,1,499,0,0
2019-07,880,1,0,649,0,0
2019-07,880,1,1,3440,1,0
2019-07,880,2,0,72,0,0
2019-07,880,2,1,206,0,0
2019-07,890,1,0,253,0,0
2019-07,890,1,1,999,0,0
2019-07,890,2,0,27,0,0
2019-07,890,2,1,44,0,0
2019-08,660,1,0,1414,0,0
2019-08,660,1,1,5769,7,0
2019-08,660,2,0,380,1,0
2019-08,660,2,1,468,1,0
2019-08,670,1,0,1365,2,0
2019-08,670,1,1,5814,8,0
2019-08,670,2,0,323,0,0
2019-08,670,2,1,456,0,0
2019-08,680,1,0,1388,2,0
2019-08,680,1,1,8119,11,0
2019-08,680,2,0,324,0,0
2019-08,680,2,1,569,1,0
2019-08,690,1,0,1320,2,0
2019-08,690,1,1,7871,11,0
2019-08,690,2,0,318,0,0
2019-08,690,2,1,594,0,0
2019-08,700,1,0,2373,3,0
2019-08,700,1,1,13298,12,0
2019-08,700,2,0,153,0,0
2019-08,700,2,1,1653,1,0
2019-08,710,1,0,2003,1,0
2019-08,710,1,1,11409,11,0
2019-08,710,2,0,141,0,0
2019-08,710,2,1,1469,0,0
2019-08,720,1,0,3307,3,0
2019-08,720,1,1,18658,12,0
2019-08,720,2,0,195,0,0
2019-08,720,2,1,1782,0,0
2019-08,730,1,0,2838,2,0
2019-08,730,1,1,16620,9,0
2019-08,730,2,0,163,0,0
2019-08,730,2,1,1730,1,0
2019-08,740,1,0,3697,1,0
2019-08,740,1,1,17058,7,0
2019-08,740,2,0,286,0,0
2019-08,740,2,1,1628,0,0
2019-08,750,1,0,3357,3,0
2019-08,750,1,1,16054,6,0
2019-08,750,2,0,276,1,0
2019-08,750,2,1,1522,2,0
2019-08,760,1,0,2902,2,0
2019-08,760,1,1,13898,6,0
2019-08,760,2,0,253,0,0
2019-08,760,2,1,1330,0,0
2019-08,770,1,0,2757,0,0
2019-08,770,1,1,14212,4,0
2019-08,770,2,0,259,0,0
2019-08,770,2,1,1259,1,0
2019-08,780,1,0,2819,0,0
2019-08,780,1,1,14621,5,0
2019-08,780,2,0,228,0,0
2019-08,780,2,1,1240,0,0
2019-08,790,1,0,2652,1,0
2019-08,790,1,1,13781,1,0
2019-08,790,2,0,273,0,0
2019-08,790,2,1,1116,0,0
2019-08,800,1,0,2649,1,0
2019-08,800,1,1,15004,1,0
2019-08,800,2,0,276,0,0
2019-08,800,2,1,1216,0,0
2019-08,810,1,0,2639,0,0
2019-08,810,1,1,14737,1,0
2019-08,810,2,0,264,0,0
2019-08,810,2,1,1086,0,0
2019-08,820,1,0,2698,1,0
2019-08,820,1,1,15056,2,0
2019-08,820,2,0,266,0,0
2019-08,820,2,1,1198,0,0
2019-08,830,1,0,2629,0,0
2019-08,830,1,1,14973,0,0
2019-08,830,2,0,279,0,0
2019-08,830,2,1,1020,0,0
2019-08,840,1,0,2372,0,0
2019-08,840,1,1,14183,0,0
2019-08,840,2,0,297,0,0
2019-08,840,2,1,972,0,0
2019-08,850,1,0,2473,0,0
2019-08,850,1,1,14279,0,0
2019-08,850,2,0,296,0,0
2019-08,850,2,1,992,0,0
2019-08,860,1,0,1831,0,0
2019-08,860,1,1,11103,0,0
2019-08,860,2,0,222,0,0
2019-08,860,2,1,748,0,0
2019-08,870,1,0,1352,1,0
2019-08,870,1,1,7871,0,0
2019-08,870,2,0,168,0,0
2019-08,870,2,1,482,0,0
2019-08,880,1,0,645,0,0
2019-08,880,1,1,3379,0,0
2019-08,880,2,0,72,0,0
2019-08,880,2,1,202,0,0
2019-08,890,1,0,252,0,0
2019-08,890,1,1,981,1,0
2019-08,890,2,0,27,0,0
2019-08,890,2,1,42,0,0
2019-09,660,1,0,1388,8,0
2019-09,660,1,1,5626,12,0
2019-09,660,2,0,377,2,0
2019-09,660,2,1,458,1,0
2019-09,670,1,0,1337,1,0
2019-09,670,1,1,5672,10,0
2019-09,670,2,0,319,0,0
2019-09,670,2,1,450,2,0
2019-09,680,1,0,1355,3,0
2019-09,680,1,1,7960,4,0
2019-09,680,2,0,321,0,0
2019-09,680,2,1,554,0,0
2019-09,690,1,0,1292,4,0
2019-09,690,1,1,7695,5,0
2019-09,690,2,0,315,0,0
2019-09,690,2,1,585,1,0
2019-09,700,1,0,2336,3,0
2019-09,700,1,1,13047,11,0
2019-09,700,2,0,151,0,0
2019-09,700,2,1,1612,0,0
2019-09,710,1,0,1972,1,0
2019-09,710,1,1,11184,11,0
2019-09,710,2,0,139,0,0
2019-09,710,2,1,1442,0,0
2019-09,720,1,0,3265,5,0
2019-09,720,1,1,18359,19,0
2019-09,720,2,0,194,0,0
2019-09,720,2,1,1751,0,0
2019-09,730,1,0,2794,2,0
2019-09,730,1,1,16370,19,0
2019-09,730,2,0,161,0,0
2019-09,730,2,1,1697,0,0
2019-09,740,1,0,3633,3,0
2019-09,740,1,1,16715,7,0
2019-09,740,2,0,279,0,0
2019-09,740,2,1,1593,0,0
2019-09,750,1,0,3303,1,0
2019-09,750,1,1,15735,7,0
2019-09,750,2,0,270,0,0
2019-09,750,2,1,1493,0,0
2019-09,760,1,0,2849,0,0
2019-09,760,1,1,13612,5,0
2019-09,760,2,0,250,0,0
2019-09,760,2,1,1301,0,0
2019-09,770,1,0,2718,1,0
2019-09,770,1,1,13949,5,0
2019-09,770,2,0,256,0,0
2019-09,770,2,1,1230,1,0
2019-09,780,1,0,2778,0,0
2019-09,780,1,1,14327,4,0
2019-09,780,2,0,227,0,0
2019-09,780,2,1,1211,0,0
2019-09,790,1,0,2608,0,0
2019-09,790,1,1,13505,5,0
2019-09,790,2,0,269,0,0
2019-09,790,2,1,1090,0,0
2019-09,800,1,0,2606,1,0
2019-09,800,1,1,14678,3,0
2019-09,800,2,0,272,0,0
2019-09,800,2,1,1196,0,0
2019-09,810,1,0,2596,0,0
2019-09,810,1,1,14433,3,0
2019-09,810,2,0,259,0,0
2019-09,810,2,1,1049,0,0
2019-09,820,1,0,2656,0,0
2019-09,820,1,1,14747,0,0
2019-09,820,2,0,264,0,0
2019-09,820,2,1,1172,0,0
2019-09,830,1,0,2587,1,0
2019-09,830,1,1,14684,2,0
2019-09,830,2,0,277,0,0
2019-09,830,2,1,991,0,0
2019-09,840,1,0,2335,0,0
2019-09,840,1,1,13917,0,0
2019-09,840,2,0,294,0,0
2019-09,840,2,1,948,0,0
2019-09,850,1,0,2439,0,0
2019-09,850,1,1,14005,0,0
2019-09,850,2,0,293,0,0
2019-09,850,2,1,968,0,0
2019-09,860,1,0,1809,0,0
2019-09,860,1,1,10906,2,0
2019-09,860,2,0,215,0,0
2019-09,860,2,1,725,0,0
2019-09,870,1,0,1338,0,0
2019-09,870,1,1,7728,0,0
2019-09,870,2,0,163,0,0
2019-09,870,2,1,469,0,0
2019-09,880,1,0,639,0,0
2019-09,880,1,1,3321,0,0
2019-09,880,2,0,72,0,0
2019-09,880,2,1,199,0,0
2019-09,890,1,0,247,0,0
2019-09,890,1,1,961,0,0
2019-09,890,2,0,27,0,0
2019-09,890,2,1,41,0,0
2019-10,660,1,1,6792,19,0
2019-10,660,2,1,817,1,0
2019-10,670,1,1,6804,19,0
2019-10,670,2,1,746,1,0
2019-10,680,1,1,9124,19,0
2019-10,680,2,1,861,0,0
2019-10,690,1,1,8783,9,0
2019-10,690,2,1,885,0,0
2019-10,700,1,1,15099,29,0
2019-10,700,2,1,1739,3,0
2019-10,710,1,1,12921,17,0
2019-10,710,2,1,1550,1,0
2019-10,720,1,1,21211,19,0
2019-10,720,2,1,1907,0,0
2019-10,730,1,1,18783,16,0
2019-10,730,2,1,1819,1,0
2019-10,740,1,1,19910,18,0
2019-10,740,2,1,1844,1,0
2019-10,750,1,1,18642,8,0
2019-10,750,2,1,1726,0,0
2019-10,760,1,1,16145,9,0
2019-10,760,2,1,1527,0,0
2019-10,770,1,1,16346,6,0
2019-10,770,2,1,1467,0,0
2019-10,780,1,1,16741,2,0
2019-10,780,2,1,1399,0,0
2019-10,790,1,1,15761,3,0
2019-10,790,2,1,1320,0,0
2019-10,800,1,1,16918,2,0
2019-10,800,2,1,1446,0,0
2019-10,810,1,1,16669,6,0
2019-10,810,2,1,1288,0,0
2019-10,820,1,1,17026,4,0
2019-10,820,2,1,1407,0,0
2019-10,830,1,1,16896,5,0
2019-10,830,2,1,1242,0,0
2019-10,840,1,1,15943,3,0
2019-10,840,2,1,1207,0,0
2019-10,850,1,1,16142,0,0
2019-10,850,2,1,1239,0,0
2019-10,860,1,1,12482,1,0
2019-10,860,2,1,926,0,0
2019-10,870,1,1,8932,1,0
2019-10,870,2,1,622,0,0
2019-10,880,1,1,3905,0,0
2019-10,880,2,1,262,0,0
2019-10,890,1,1,1194,0,0
2019-10,890,2,1,68,0,0
2019-11,660,1,0,1256,4,0
2019-11,660,1,1,6613,8,0
2019-11,660,2,0,99,0,0
2019-11,660,2,1,794,1,0
2019-11,670,1,0,1205,2,0
2019-11,670,1,1,6595,5,0
2019-11,670,2,0,106,0,0
2019-11,670,2,1,725,0,0
2019-11,680,1,0,1654,0,0
2019-11,680,1,1,8936,11,0
2019-11,680,2,0,1,0,0
2019-11,680,2,1,839,0,0
2019-11,690,1,0,1542,1,0
2019-11,690,1,1,8600,9,0
2019-11,690,2,1,866,0,0
2019-11,700,1,0,2788,7,0
2019-11,700,1,1,14768,14,0
2019-11,700,2,1,1702,1,0
2019-11,710,1,0,2253,0,0
2019-11,710,1,1,12651,13,0
2019-11,710,2,1,1518,2,0
2019-11,720,1,0,3770,0,0
2019-11,720,1,1,20804,12,0
2019-11,720,2,0,15,0,0
2019-11,720,2,1,1872,2,0
2019-11,730,1,0,3135,0,0
2019-11,730,1,1,18436,15,0
2019-11,730,2,0,6,0,0
2019-11,730,2,1,1789,1,0
2019-11,740,1,0,3024,1,0
2019-11,740,1,1,19530,12,0
2019-11,740,2,0,629,0,0
2019-11,740,2,1,1811,0,0
2019-11,750,1,0,2954,1,0
2019-11,750,1,1,18260,7,0
2019-11,750,2,0,603,0,0
2019-11,750,2,1,1697,0,0
2019-11,760,1,0,2449,2,0
2019-11,760,1,1,15830,4,0
2019-11,760,2,0,498,1,0
2019-11,760,2,1,1499,0,0
2019-11,770,1,0,2397,1,0
2019-11,770,1,1,16066,8,0
2019-11,770,2,0,478,0,0
2019-11,770,2,1,1437,0,0
2019-11,780,1,0,2361,0,0
2019-11,780,1,1,16387,1,0
2019-11,780,2,0,488,0,0
2019-11,780,2,1,1381,0,0
2019-11,790,1,0,2285,0,0
2019-11,790,1,1,15422,5,0
2019-11,790,2,0,414,0,0
2019-11,790,2,1,1294,0,0
2019-11,800,1,0,2380,2,0
2019-11,800,1,1,16563,3,0
2019-11,800,2,0,471,0,0
2019-11,800,2,1,1422,0,0
2019-11,810,1,0,2360,0,0
2019-11,810,1,1,16318,4,0
2019-11,810,2,0,454,0,0
2019-11,810,2,1,1256,1,0
2019-11,820,1,0,2362,1,0
2019-11,820,1,1,16669,3,0
2019-11,820,2,0,442,0,0
2019-11,820,2,1,1373,0,0
2019-11,830,1,0,2326,0,0
2019-11,830,1,1,16558,0,0
2019-11,830,2,0,422,0,0
2019-11,830,2,1,1220,0,0
2019-11,840,1,0,2171,0,0
2019-11,840,1,1,15634,1,0
2019-11,840,2,0,431,0,0
2019-11,840,2,1,1178,0,0
2019-11,850,1,0,2183,0,0
2019-11,850,1,1,15855,0,0
2019-11,850,2,0,437,0,0
2019-11,850,2,1,1214,0,0
2019-11,860,1,0,1633,0,0
2019-11,860,1,1,12270,1,0
2019-11,860,2,0,307,0,0
2019-11,860,2,1,910,0,0
2019-11,870,1,0,1302,0,0
2019-11,870,1,1,8779,0,0
2019-11,870,2,0,218,0,0
2019-11,870,2,1,607,0,0
2019-11,880,1,0,660,0,0
2019-11,880,1,1,3859,0,0
2019-11,880,2,0,113,0,0
2019-11,880,2,1,257,0,0
2019-11,890,1,0,267,0,0
2019-11,890,1,1,1175,0,0
2019-11,890,2,0,43,0,0
2019-11,890,2,1,67,0,0
2019-12,660,1,0,1233,3,0
2019-12,660,1,1,6480,17,0
2019-12,660,2,0,99,0,0
2019-12,660,2,1,781,0,0
2019-12,670,1,0,1193,1,0
2019-12,670,1,1,6464,11,0
2019-12,670,2,0,104,0,0
2019-12,670,2,1,712,0,0
2019-12,680,1,0,1637,2,0
2019-12,680,1,1,8763,8,0
2019-12,680,2,0,1,0,0
2019-12,680,2,1,820,0,0
2019-12,690,1,0,1520,1,0
2019-12,690,1,1,8457,8,0
2019-12,690,2,1,845,0,0
2019-12,700,1,0,2762,6,0
2019-12,700,1,1,14524,16,0
2019-12,700,2,1,1675,0,0
2019-12,710,1,0,2235,4,0
2019-12,710,1,1,12446,10,0
2019-12,710,2,1,1486,2,0
2019-12,720,1,0,3733,5,0
2019-12,720,1,1,20489,12,0
2019-12,720,2,0,15,0,0
2019-12,720,2,1,1837,1,0
2019-12,730,1,0,3103,0,0
2019-12,730,1,1,18144,11,0
2019-12,730,2,0,6,0,0
2019-12,730,2,1,1754,0,0
2019-12,740,1,0,2995,2,0
2019-12,740,1,1,19213,8,0
2019-12,740,2,0,621,0,0
2019-12,740,2,1,1775,0,0
2019-12,750,1,0,2913,2,0
2019-12,750,1,1,17939,11,0
2019-12,750,2,0,597,0,0
2019-12,750,2,1,1657,1,0
2019-12,760,1,0,2414,5,0
2019-12,760,1,1,15589,6,0
2019-12,760,2,0,494,0,0
2019-12,760,2,1,1465,1,0
2019-12,770,1,0,2368,0,0
2019-12,770,1,1,15798,5,0
2019-12,770,2,0,472,0,0
2019-12,770,2,1,1411,0,0
2019-12,780,1,0,2340,0,0
2019-12,780,1,1,16114,3,0
2019-12,780,2,0,485,0,0
2019-12,780,2,1,1363,0,0
2019-12,790,1,0,2252,0,0
2019-12,790,1,1,15160,4,0
2019-12,790,2,0,408,0,0
2019-12,790,2,1,1266,0,0
2019-12,800,1,0,2351,0,0
2019-12,800,1,1,16321,1,0
2019-12,800,2,0,468,0,0
2019-12,800,2,1,1392,0,0
2019-12,810,1,0,2328,1,0
2019-12,810,1,1,16026,1,0
2019-12,810,2,0,449,0,0
2019-12,810,2,1,1233,0,0
2019-12,820,1,0,2329,1,0
2019-12,820,1,1,16380,3,0
2019-12,820,2,0,439,0,0
2019-12,820,2,1,1340,0,0
2019-12,830,1,0,2299,0,0
2019-12,830,1,1,16290,1,0
2019-12,830,2,0,416,0,0
2019-12,830,2,1,1198,0,0
2019-12,840,1,0,2147,0,0
2019-12,840,1,1,15376,1,0
2019-12,840,2,0,428,0,0
2019-12,840,2,1,1154,0,0
2019-12,850,1,0,2163,0,0
2019-12,850,1,1,15637,0,0
2019-12,850,2,0,433,0,0
2019-12,850,2,1,1191,0,0
2019-12,860,1,0,1610,0,0
2019-12,860,1,1,12075,1,0
2019-12,860,2,0,305,0,0
2019-12,860,2,1,892,0,0
2019-12,870,1,0,1290,0,0
2019-12,870,1,1,8626,1,0
2019-12,870,2,0,216,0,0
2019-12,870,2,1,592,0,0
2019-12,880,1,0,652,0,0
2019-12,880,1,1,3803,0,0
2019-12,880,2,0,110,0,0
2019-12,880,2,1,254,0,0
2019-12,890,1,0,264,0,0
2019-12,890,1,1,1161,0,0
2019-12,890,2,0,42,0,0
2019-12,890,2,1,66,0,0
2020-01,660,1,0,1221,1,0
2020-01,660,1,1,6287,16,0
2020-01,660,2,0,99,0,0
2020-01,660,2,1,758,1,0
2020-01,670,1,0,1184,4,0
2020-01,670,1,1,6317,13,0
2020-01,670,2,0,103,0,0
2020-01,670,2,1,701,1,0
2020-01,680,1,0,1612,4,0
2020-01,680,1,1,8559,20,0
2020-01,680,2,0,1,0,0
2020-01,680,2,1,809,0,0
2020-01,690,1,0,1502,4,0
2020-01,690,1,1,8282,10,0
2020-01,690,2,1,832,1,0
2020-01,700,1,0,2713,5,0
2020-01,700,1,1,14266,16,0
2020-01,700,2,1,1644,1,0
2020-01,710,1,0,2215,4,0
2020-01,710,1,1,12225,16,0
2020-01,710,2,1,1450,0,0
2020-01,720,1,0,3691,3,0
2020-01,720,1,1,20143,26,0
2020-01,720,2,0,15,0,0
2020-01,720,2,1,1808,0,0
2020-01,730,1,0,3071,3,0
2020-01,730,1,1,17836,17,0
2020-01,730,2,0,6,0,0
2020-01,730,2,1,1707,0,0
2020-01,740,1,0,2961,4,0
2020-01,740,1,1,18836,5,0
2020-01,740,2,0,605,0,0
2020-01,740,2,1,1736,0,0
2020-01,750,1,0,2871,2,0
2020-01,750,1,1,17606,19,0
2020-01,750,2,0,586,0,0
2020-01,750,2,1,1623,0,0
2020-01,760,1,0,2375,1,0
2020-01,760,1,1,15278,10,0
2020-01,760,2,0,489,0,0
2020-01,760,2,1,1438,0,0
2020-01,770,1,0,2332,0,0
2020-01,770,1,1,15524,4,0
2020-01,770,2,0,463,0,0
2020-01,770,2,1,1379,0,0
2020-01,780,1,0,2311,1,0
2020-01,780,1,1,15815,6,0
2020-01,780,2,0,478,0,0
2020-01,780,2,1,1334,0,0
2020-01,790,1,0,2224,1,0
2020-01,790,1,1,14881,2,0
2020-01,790,2,0,399,0,0
2020-01,790,2,1,1245,1,0
2020-01,800,1,0,2313,2,0
2020-01,800,1,1,16018,1,0
2020-01,800,2,0,461,0,0
2020-01,800,2,1,1362,0,0
2020-01,810,1,0,2297,0,0
2020-01,810,1,1,15730,5,0
2020-01,810,2,0,441,0,0
2020-01,810,2,1,1205,0,0
2020-01,820,1,0,2291,0,0
2020-01,820,1,1,16056,1,0
2020-01,820,2,0,430,0,0
2020-01,820,2,1,1297,1,0
2020-01,830,1,0,2265,0,0
2020-01,830,1,1,16002,1,0
2020-01,830,2,0,410,0,0
2020-01,830,2,1,1172,1,0
2020-01,840,1,0,2120,1,0
2020-01,840,1,1,15089,1,0
2020-01,840,2,0,424,0,0
2020-01,840,2,1,1124,0,0
2020-01,850,1,0,2131,0,0
2020-01,850,1,1,15371,0,0
2020-01,850,2,0,425,0,0
2020-01,850,2,1,1161,0,0
2020-01,860,1,0,1593,0,0
2020-01,860,1,1,11896,0,0
2020-01,860,2,0,299,0,0
2020-01,860,2,1,871,0,0
2020-01,870,1,0,1270,0,0
2020-01,870,1,1,8496,0,0
2020-01,870,2,0,215,0,0
2020-01,870,2,1,582,0,0
2020-01,880,1,0,647,0,0
2020-01,880,1,1,3740,0,0
2020-01,880,2,0,109,0,0
2020-01,880,2,1,250,0,0
2020-01,890,1,0,263,0,0
2020-01,890,1,1,1144,0,0
2020-01,890,2,0,41,0,0
2020-01,890,2,1,66,0,0
2020-02,660,1,0,1208,3,0
2020-02,660,1,1,6129,17,0
2020-02,660,2,0,98,0,0
2020-02,660,2,1,742,0,0
2020-02,670,1,0,1162,4,0
2020-02,670,1,1,6147,9,0
2020-02,670,2,0,102,1,0
2020-02,670,2,1,677,1,0
2020-02,680,1,0,1596,3,0
2020-02,680,1,1,8339,11,0
2020-02,680,2,0,1,0,0
2020-02,680,2,1,790,2,0
2020-02,690,1,0,1473,3,0
2020-02,690,1,1,8102,8,0
2020-02,690,2,1,802,2,0
2020-02,700,1,0,2668,7,0
2020-02,700,1,1,13979,15,0
2020-02,700,2,1,1600,0,0
2020-02,710,1,0,2179,6,0
2020-02,710,1,1,11979,12,0
2020-02,710,2,1,1423,1,0
2020-02,720,1,0,3641,3,0
2020-02,720,1,1,19752,24,0
2020-02,720,2,0,15,0,0
2020-02,720,2,1,1764,0,0
2020-02,730,1,0,3024,6,0
2020-02,730,1,1,17483,13,0
2020-02,730,2,0,6,0,0
2020-02,730,2,1,1661,0,0
2020-02,740,1,0,2919,5,0
2020-02,740,1,1,18456,11,0
2020-02,740,2,0,599,0,0
2020-02,740,2,1,1690,1,0
2020-02,750,1,0,2837,1,0
2020-02,750,1,1,17217,7,0
2020-02,750,2,0,575,0,0
2020-02,750,2,1,1589,0,0
2020-02,760,1,0,2340,0,0
2020-02,760,1,1,14945,3,0
2020-02,760,2,0,478,0,0
2020-02,760,2,1,1402,0,0
2020-02,770,1,0,2299,1,0
2020-02,770,1,1,15218,4,0
2020-02,770,2,0,458,0,0
2020-02,770,2,1,1346,0,0
2020-02,780,1,0,2269,1,0
2020-02,780,1,1,15439,2,0
2020-02,780,2,0,472,0,0
2020-02,780,2,1,1309,0,0
2020-02,790,1,0,2180,1,0
2020-02,790,1,1,14556,4,0
2020-02,790,2,0,388,0,0
2020-02,790,2,1,1208,0,0
2020-02,800,1,0,2271,1,0
2020-02,800,1,1,15686,2,0
2020-02,800,2,0,455,0,0
2020-02,800,2,1,1330,0,0
2020-02,810,1,0,2261,0,0
2020-02,810,1,1,15397,3,0
2020-02,810,2,0,430,0,0
2020-02,810,2,1,1170,0,0
2020-02,820,1,0,2249,0,0
2020-02,820,1,1,15703,1,0
2020-02,820,2,0,422,0,0
2020-02,820,2,1,1266,0,0
2020-02,830,1,0,2244,0,0
2020-02,830,1,1,15621,3,0
2020-02,830,2,0,402,0,0
2020-02,830,2,1,1139,0,0
2020-02,840,1,0,2079,0,0
2020-02,840,1,1,14790,3,0
2020-02,840,2,0,418,0,0
2020-02,840,2,1,1093,0,0
2020-02,850,1,0,2097,0,0
2020-02,850,1,1,15075,2,0
2020-02,850,2,0,414,0,0
2020-02,850,2,1,1124,0,0
2020-02,860,1,0,1571,0,0
2020-02,860,1,1,11669,1,0
2020-02,860,2,0,292,0,0
2020-02,860,2,1,843,0,0
2020-02,870,1,0,1258,0,0
2020-02,870,1,1,8339,0,0
2020-02,870,2,0,212,0,0
2020-02,870,2,1,564,0,0
2020-02,880,1,0,642,0,0
2020-02,880,1,1,3687,0,0
2020-02,880,2,0,104,0,0
2020-02,880,2,1,243,0,0
2020-02,890,1,0,261,0,0
2020-02,890,1,1,1128,0,0
2020-02,890,2,0,39,0,0
2020-02,890,2,1,63,0,0
2020-03,660,1,1,7173,15,0
2020-03,660,2,1,820,0,0
2020-03,670,1,1,7129,10,0
2020-03,670,2,1,751,0,0
2020-03,680,1,1,9746,18,0
2020-03,680,2,1,769,1,0
2020-03,690,1,1,9393,11,0
2020-03,690,2,1,777,0,0
2020-03,700,1,1,16367,16,0
2020-03,700,2,1,1567,1,0
2020-03,710,1,1,13925,14,0
2020-03,710,2,1,1390,1,0
2020-03,720,1,1,22990,15,0
2020-03,720,2,1,1729,0,0
2020-03,730,1,1,20171,15,0
2020-03,730,2,1,1623,0,0
2020-03,740,1,1,21005,2,0
2020-03,740,2,1,2240,1,0
2020-03,750,1,1,19698,4,0
2020-03,750,2,1,2120,0,0
2020-03,760,1,1,16993,8,0
2020-03,760,2,1,1841,1,0
2020-03,770,1,1,17208,7,0
2020-03,770,2,1,1760,0,0
2020-03,780,1,1,17381,3,0
2020-03,780,2,1,1734,1,0
2020-03,790,1,1,16451,5,0
2020-03,790,2,1,1556,0,0
2020-03,800,1,1,17657,3,0
2020-03,800,2,1,1755,1,0
2020-03,810,1,1,17334,5,0
2020-03,810,2,1,1552,0,0
2020-03,820,1,1,17608,1,0
2020-03,820,2,1,1638,0,0
2020-03,830,1,1,17557,1,0
2020-03,830,2,1,1507,0,0
2020-03,840,1,1,16571,0,0
2020-03,840,2,1,1487,0,0
2020-03,850,1,1,16832,1,0
2020-03,850,2,1,1499,0,0
2020-03,860,1,1,13023,0,0
2020-03,860,2,1,1106,0,0
2020-03,870,1,1,9459,1,0
2020-03,870,2,1,757,0,0
2020-03,880,1,1,4259,0,0
2020-03,880,2,1,337,0,0
2020-03,890,1,1,1371,0,0
2020-03,890,2,1,101,0,0
2020-04,660,1,0,864,1,0
2020-04,660,1,1,7025,7,0
2020-04,660,2,0,83,0,0
2020-04,660,2,1,802,0,0
2020-04,670,1,0,955,0,0
2020-04,670,1,1,6954,8,0
2020-04,670,2,0,80,0,0
2020-04,670,2,1,733,0,0
2020-04,680,1,0,791,1,0
2020-04,680,1,1,9527,5,0
2020-04,680,2,1,746,0,0
2020-04,690,1,0,756,1,0
2020-04,690,1,1,9180,5,0
2020-04,690,2,1,756,0,0
2020-04,700,1,0,1683,0,0
2020-04,700,1,1,16058,16,0
2020-04,700,2,0,889,0,0
2020-04,700,2,1,1525,0,0
2020-04,710,1,0,1538,1,0
2020-04,710,1,1,13646,7,0
2020-04,710,2,0,825,0,0
2020-04,710,2,1,1360,0,0
2020-04,720,1,0,1825,0,0
2020-04,720,1,1,22597,12,0
2020-04,720,2,0,1381,0,0
2020-04,720,2,1,1696,0,0
2020-04,730,1,0,1678,1,0
2020-04,730,1,1,19790,4,0
2020-04,730,2,0,1282,0,0
2020-04,730,2,1,1578,0,0
2020-04,740,1,0,3149,1,0
2020-04,740,1,1,20610,5,0
2020-04,740,2,0,9,0,0
2020-04,740,2,1,2191,0,0
2020-04,750,1,0,2860,0,0
2020-04,750,1,1,19339,8,0
2020-04,750,2,0,9,0,0
2020-04,750,2,1,2084,0,0
2020-04,760,1,0,2587,0,0
2020-04,760,1,1,16675,4,0
2020-04,760,2,0,6,0,0
2020-04,760,2,1,1802,0,0
2020-04,770,1,0,2494,0,0
2020-04,770,1,1,16886,0,0
2020-04,770,2,0,7,0,0
2020-04,770,2,1,1725,0,0
2020-04,780,1,0,2559,1,0
2020-04,780,1,1,17030,1,0
2020-04,780,2,0,10,0,0
2020-04,780,2,1,1696,0,0
2020-04,790,1,0,2424,0,0
2020-04,790,1,1,16180,1,0
2020-04,790,2,0,5,0,0
2020-04,790,2,1,1525,0,0
2020-04,800,1,0,2636,1,0
2020-04,800,1,1,17344,5,0
2020-04,800,2,0,3,0,0
2020-04,800,2,1,1713,0,0
2020-04,810,1,0,2546,0,0
2020-04,810,1,1,16974,2,0
2020-04,810,2,0,2,0,0
2020-04,810,2,1,1525,0,0
2020-04,820,1,0,2641,0,0
2020-04,820,1,1,17286,2,0
2020-04,820,2,0,5,0,0
2020-04,820,2,1,1594,0,0
2020-04,830,1,0,2560,0,0
2020-04,830,1,1,17226,1,0
2020-04,830,2,0,5,0,0
2020-04,830,2,1,1470,0,0
2020-04,840,1,0,2362,0,0
2020-04,840,1,1,16248,0,0
2020-04,840,2,0,5,0,0
2020-04,840,2,1,1457,0,0
2020-04,850,1,0,2396,0,0
2020-04,850,1,1,16525,2,0
2020-04,850,2,0,5,0,0
2020-04,850,2,1,1461,0,0
2020-04,860,1,0,1845,0,0
2020-04,860,1,1,12822,0,0
2020-04,860,2,0,2,0,0
2020-04,860,2,1,1078,0,0
2020-04,870,1,0,1390,0,0
2020-04,870,1,1,9298,0,0
2020-04,870,2,0,2,0,0
2020-04,870,2,1,748,0,0
2020-04,880,1,0,665,0,0
2020-04,880,1,1,4169,0,0
2020-04,880,2,0,1,0,0
2020-04,880,2,1,327,0,0
2020-04,890,1,0,292,0,0
2020-04,890,1,1,1358,0,0
2020-04,890,2,1,100,0,0
2020-05,660,1,0,853,0,0
2020-05,660,1,1,6865,8,0
2020-05,660,2,0,83,0,0
2020-05,660,2,1,776,0,0
2020-05,670,1,0,949,0,0
2020-05,670,1,1,6800,5,0
2020-05,670,2,0,79,0,0
2020-05,670,2,1,716,0,0
2020-05,680,1,0,781,0,0
2020-05,680,1,1,9306,5,0
2020-05,680,2,1,730,0,0
2020-05,690,1,0,746,0,0
2020-05,690,1,1,8944,4,0
2020-05,690,2,1,733,0,0
2020-05,700,1,0,1674,1,0
2020-05,700,1,1,15782,5,0
2020-05,700,2,0,883,0,0
2020-05,700,2,1,1491,0,0
2020-05,710,1,0,1527,2,0
2020-05,710,1,1,13425,6,0
2020-05,710,2,0,814,0,0
2020-05,710,2,1,1334,0,0
2020-05,720,1,0,1805,2,0
2020-05,720,1,1,22211,12,0
2020-05,720,2,0,1365,0,0
2020-05,720,2,1,1660,0,0
2020-05,730,1,0,1660,1,0
2020-05,730,1,1,19489,4,0
2020-05,730,2,0,1266,0,0
2020-05,730,2,1,1544,0,0
2020-05,740,1,0,3109,1,0
2020-05,740,1,1,20261,8,0
2020-05,740,2,0,9,0,0
2020-05,740,2,1,2158,0,0
2020-05,750,1,0,2826,1,0
2020-05,750,1,1,18994,7,0
2020-05,750,2,0,9,0,0
2020-05,750,2,1,2045,0,0
2020-05,760,1,0,2571,0,0
2020-05,760,1,1,16401,3,0
2020-05,760,2,0,6,0,0
2020-05,760,2,1,1759,0,0
2020-05,770,1,0,2466,0,0
2020-05,770,1,1,16628,1,0
2020-05,770,2,0,7,0,0
2020-05,770,2,1,1694,0,0
2020-05,780,1,0,2532,0,0
2020-05,780,1,1,16721,3,0
2020-05,780,2,0,10,0,0
2020-05,780,2,1,1663,0,0
2020-05,790,1,0,2399,0,0
2020-05,790,1,1,15903,3,0
2020-05,790,2,0,5,0,0
2020-05,790,2,1,1499,0,0
2020-05,800,1,0,2604,0,0
2020-05,800,1,1,17046,2,0
2020-05,800,2,0,3,0,0
2020-05,800,2,1,1677,0,0
2020-05,810,1,0,2524,1,0
2020-05,810,1,1,16741,1,0
2020-05,810,2,0,2,0,0
2020-05,810,2,1,1490,0,0
2020-05,820,1,0,2611,0,0
2020-05,820,1,1,17023,1,0
2020-05,820,2,0,5,0,0
2020-05,820,2,1,1565,0,0
2020-05,830,1,0,2535,0,0
2020-05,830,1,1,16960,0,0
2020-05,830,2,0,5,0,0
2020-05,830,2,1,1437,0,0
2020-05,840,1,0,2345,0,0
2020-05,840,1,1,16022,0,0
2020-05,840,2,0,5,0,0
2020-05,840,2,1,1433,0,0
2020-05,850,1,0,2375,0,0
2020-05,850,1,1,16269,1,0
2020-05,850,2,0,5,0,0
2020-05,850,2,1,1424,0,0
2020-05,860,1,0,1824,0,0
2020-05,860,1,1,12641,0,0
2020-05,860,2,0,2,0,0
2020-05,860,2,1,1042,0,0
2020-05,870,1,0,1378,0,0
2020-05,870,1,1,9168,0,0
2020-05,870,2,0,2,0,0
2020-05,870,2,1,732,0,0
2020-05,880,1,0,662,0,0
2020-05,880,1,1,4122,0,0
2020-05,880,2,0,1,0,0
2020-05,880,2,1,320,0,0
2020-05,890,1,0,292,0,0
2020-05,890,1,1,1332,0,0
2020-05,890,2,1,96,0,0
2020-06,660,1,0,3036,0,0
2020-06,660,1,1,6719,8,0
2020-06,660,2,0,154,0,0
2020-06,660,2,1,756,0,0
2020-06,670,1,0,3179,0,0
2020-06,670,1,1,6652,8,0
2020-06,670,2,0,143,0,0
2020-06,670,2,1,692,0,0
2020-06,680,1,0,3280,1,0
2020-06,680,1,1,9096,7,0
2020-06,680,2,0,212,0,0
2020-06,680,2,1,715,0,0
2020-06,690,1,0,3305,0,0
2020-06,690,1,1,8772,4,0
2020-06,690,2,0,204,0,0
2020-06,690,2,1,714,0,0
2020-06,700,1,0,4661,2,0
2020-06,700,1,1,15521,18,0
2020-06,700,2,0,928,1,0
2020-06,700,2,1,1447,0,0
2020-06,710,1,0,4089,2,0
2020-06,710,1,1,13166,5,0
2020-06,710,2,0,860,0,0
2020-06,710,2,1,1310,0,0
2020-06,720,1,0,4537,1,0
2020-06,720,1,1,21832,13,0
2020-06,720,2,0,1403,1,0
2020-06,720,2,1,1627,0,0
2020-06,730,1,0,4097,0,0
2020-06,730,1,1,19158,9,0
2020-06,730,2,0,1308,0,0
2020-06,730,2,1,1504,0,0
2020-06,740,1,0,7628,3,0
2020-06,740,1,1,19914,6,0
2020-06,740,2,0,781,0,0
2020-06,740,2,1,2120,1,0
2020-06,750,1,0,7058,0,0
2020-06,750,1,1,18664,1,0
2020-06,750,2,0,736,0,0
2020-06,750,2,1,1992,0,0
2020-06,760,1,0,6271,0,0
2020-06,760,1,1,16111,3,0
2020-06,760,2,0,653,0,0
2020-06,760,2,1,1725,0,0
2020-06,770,1,0,6179,0,0
2020-06,770,1,1,16313,0,0
2020-06,770,2,0,659,0,0
2020-06,770,2,1,1664,0,0
2020-06,780,1,0,6319,0,0
2020-06,780,1,1,16414,1,0
2020-06,780,2,0,735,0,0
2020-06,780,2,1,1627,0,0
2020-06,790,1,0,6040,0,0
2020-06,790,1,1,15597,4,0
2020-06,790,2,0,658,0,0
2020-06,790,2,1,1472,1,0
2020-06,800,1,0,6525,0,0
2020-06,800,1,1,16742,2,0
2020-06,800,2,0,666,0,0
2020-06,800,2,1,1636,0,0
2020-06,810,1,0,6401,0,0
2020-06,810,1,1,16424,0,0
2020-06,810,2,0,697,0,0
2020-06,810,2,1,1450,0,0
2020-06,820,1,0,6691,0,0
2020-06,820,1,1,16716,0,0
2020-06,820,2,0,708,0,0
2020-06,820,2,1,1516,0,0
2020-06,830,1,0,6494,0,0
2020-06,830,1,1,16630,0,0
2020-06,830,2,0,679,0,0
2020-06,830,2,1,1397,0,0
2020-06,840,1,0,5801,0,0
2020-06,840,1,1,15730,1,0
2020-06,840,2,0,633,0,0
2020-06,840,2,1,1394,0,0
2020-06,850,1,0,5953,1,0
2020-06,850,1,1,15991,0,0
2020-06,850,2,0,646,0,0
2020-06,850,2,1,1379,0,0
2020-06,860,1,0,4662,0,0
2020-06,860,1,1,12408,1,0
2020-06,860,2,0,497,0,0
2020-06,860,2,1,1007,0,0
2020-06,870,1,0,3365,0,0
2020-06,870,1,1,9000,0,0
2020-06,870,2,0,348,0,0
2020-06,870,2,1,720,0,0
2020-06,880,1,0,1551,0,0
2020-06,880,1,1,4066,0,0
2020-06,880,2,0,176,0,0
2020-06,880,2,1,311,0,0
2020-06,890,1,0,613,0,0
2020-06,890,1,1,1313,0,0
2020-06,890,2,0,69,0,0
2020-06,890,2,1,89,0,0
2020-07,660,1,0,2989,0,0
2020-07,660,1,1,6515,6,0
2020-07,660,2,0,149,0,0
2020-07,660,2,1,723,0,0
2020-07,670,1,0,3139,1,0
2020-07,670,1,1,6480,11,0
2020-07,670,2,0,136,0,0
2020-07,670,2,1,670,1,0
2020-07,680,1,0,3240,0,0
2020-07,680,1,1,8864,8,0
2020-07,680,2,0,207,0,0
2020-07,680,2,1,689,0,0
2020-07,690,1,0,3258,0,0
2020-07,690,1,1,8550,5,0
2020-07,690,2,0,199,0,0
2020-07,690,2,1,681,0,0
2020-07,700,1,0,4573,2,0
2020-07,700,1,1,15150,9,0
2020-07,700,2,0,908,0,0
2020-07,700,2,1,1403,0,0
2020-07,710,1,0,4026,0,0
2020-07,710,1,1,12869,8,0
2020-07,710,2,0,848,0,0
2020-07,710,2,1,1266,0,0
2020-07,720,1,0,4464,2,0
2020-07,720,1,1,21316,13,0
2020-07,720,2,0,1379,0,0
2020-07,720,2,1,1579,0,0
2020-07,730,1,0,4030,0,0
2020-07,730,1,1,18688,15,0
2020-07,730,2,0,1289,0,0
2020-07,730,2,1,1457,1,0
2020-07,740,1,0,7506,1,0
2020-07,740,1,1,19457,11,0
2020-07,740,2,0,769,0,0
2020-07,740,2,1,2061,1,0
2020-07,750,1,0,6937,2,0
2020-07,750,1,1,18209,9,0
2020-07,750,2,0,725,0,0
2020-07,750,2,1,1933,1,0
2020-07,760,1,0,6188,1,0
2020-07,760,1,1,15739,3,0
2020-07,760,2,0,634,0,0
2020-07,760,2,1,1667,1,0
2020-07,770,1,0,6075,0,0
2020-07,770,1,1,15939,5,0
2020-07,770,2,0,648,0,0
2020-07,770,2,1,1616,1,0
2020-07,780,1,0,6233,1,0
2020-07,780,1,1,16039,7,0
2020-07,780,2,0,723,0,0
2020-07,780,2,1,1589,0,0
2020-07,790,1,0,5941,6,0
2020-07,790,1,1,15206,4,0
2020-07,790,2,0,643,0,0
2020-07,790,2,1,1425,0,0
2020-07,800,1,0,6421,2,0
2020-07,800,1,1,16364,1,0
2020-07,800,2,0,654,0,0
2020-07,800,2,1,1601,0,0
2020-07,810,1,0,6315,0,0
2020-07,810,1,1,16007,1,0
2020-07,810,2,0,688,0,0
2020-07,810,2,1,1416,0,0
2020-07,820,1,0,6586,1,0
2020-07,820,1,1,16328,1,0
2020-07,820,2,0,697,0,0
2020-07,820,2,1,1463,0,0
2020-07,830,1,0,6400,0,0
2020-07,830,1,1,16261,3,0
2020-07,830,2,0,666,0,0
2020-07,830,2,1,1344,0,0
2020-07,840,1,0,5734,1,0
2020-07,840,1,1,15363,1,0
2020-07,840,2,0,623,0,0
2020-07,840,2,1,1346,0,0
2020-07,850,1,0,5866,1,0
2020-07,850,1,1,15640,1,0
2020-07,850,2,0,632,0,0
2020-07,850,2,1,1326,0,0
2020-07,860,1,0,4613,0,0
2020-07,860,1,1,12155,3,0
2020-07,860,2,0,485,0,0
2020-07,860,2,1,976,0,0
2020-07,870,1,0,3325,0,0
2020-07,870,1,1,8809,1,0
2020-07,870,2,0,338,0,0
2020-07,870,2,1,695,0,0
2020-07,880,1,0,1532,0,0
2020-07,880,1,1,3992,0,0
2020-07,880,2,0,170,0,0
2020-07,880,2,1,303,0,0
2020-07,890,1,0,610,0,0
2020-07,890,1,1,1292,0,0
2020-07,890,2,0,66,0,0
2020-07,890,2,1,87,0,0
2020-08,660,1,0,2926,3,0
2020-08,660,1,1,6290,13,0
2020-08,660,2,0,142,0,0
2020-08,660,2,1,704,3,0
2020-08,670,1,0,3070,0,0
2020-08,670,1,1,6250,3,0
2020-08,670,2,0,134,0,0
2020-08,670,2,1,651,0,0
2020-08,680,1,0,3170,0,0
2020-08,680,1,1,8624,8,0
2020-08,680,2,0,203,0,0
2020-08,680,2,1,662,0,0
2020-08,690,1,0,3199,1,0
2020-08,690,1,1,8318,10,0
2020-08,690,2,0,197,0,0
2020-08,690,2,1,667,0,0
2020-08,700,1,0,4472,0,0
2020-08,700,1,1,14747,17,0
2020-08,700,2,0,890,0,0
2020-08,700,2,1,1352,0,0
2020-08,710,1,0,3960,1,0
2020-08,710,1,1,12563,9,0
2020-08,710,2,0,841,0,0
2020-08,710,2,1,1223,0,0
2020-08,720,1,0,4389,1,0
2020-08,720,1,1,20816,18,0
2020-08,720,2,0,1358,1,0
2020-08,720,2,1,1530,0,0
2020-08,730,1,0,3969,1,0
2020-08,730,1,1,18205,6,0
2020-08,730,2,0,1261,0,0
2020-08,730,2,1,1413,0,0
2020-08,740,1,0,7379,3,0
2020-08,740,1,1,19013,8,0
2020-08,740,2,0,751,0,0
2020-08,740,2,1,1988,0,0
2020-08,750,1,0,6820,1,0
2020-08,750,1,1,17762,7,0
2020-08,750,2,0,712,0,0
2020-08,750,2,1,1885,1,0
2020-08,760,1,0,6088,3,0
2020-08,760,1,1,15335,5,0
2020-08,760,2,0,621,0,0
2020-08,760,2,1,1616,0,0
2020-08,770,1,0,5974,2,0
2020-08,770,1,1,15531,5,0
2020-08,770,2,0,631,0,0
2020-08,770,2,1,1563,0,0
2020-08,780,1,0,6122,0,0
2020-08,780,1,1,15629,3,0
2020-08,780,2,0,705,0,0
2020-08,780,2,1,1543,0,0
2020-08,790,1,0,5821,0,0
2020-08,790,1,1,14824,1,0
2020-08,790,2,0,622,0,0
2020-08,790,2,1,1386,0,0
2020-08,800,1,0,6313,3,0
2020-08,800,1,1,15926,4,0
2020-08,800,2,0,642,0,0
2020-08,800,2,1,1548,0,0
2020-08,810,1,0,6210,0,0
2020-08,810,1,1,15585,2,0
2020-08,810,2,0,668,0,0
2020-08,810,2,1,1371,0,0
2020-08,820,1,0,6478,0,0
2020-08,820,1,1,15873,1,0
2020-08,820,2,0,683,0,0
2020-08,820,2,1,1415,0,0
2020-08,830,1,0,6300,0,0
2020-08,830,1,1,15805,0,0
2020-08,830,2,0,658,0,0
2020-08,830,2,1,1302,0,0
2020-08,840,1,0,5634,1,0
2020-08,840,1,1,14965,2,0
2020-08,840,2,0,614,0,0
2020-08,840,2,1,1294,0,0
2020-08,850,1,0,5780,0,0
2020-08,850,1,1,15233,0,0
2020-08,850,2,0,619,0,0
2020-08,850,2,1,1270,0,0
2020-08,860,1,0,4547,0,0
2020-08,860,1,1,11841,0,0
2020-08,860,2,0,476,0,0
2020-08,860,2,1,940,0,0
2020-08,870,1,0,3277,0,0
2020-08,870,1,1,8572,1,0
2020-08,870,2,0,335,0,0
2020-08,870,2,1,667,0,0
2020-08,880,1,0,1506,0,0
2020-08,880,1,1,3914,0,0
2020-08,880,2,0,167,0,0
2020-08,880,2,1,287,0,0
2020-08,890,1,0,604,0,0
2020-08,890,1,1,1269,0,0
2020-08,890,2,0,66,0,0
2020-08,890,2,1,86,0,0
2020-09,660,1,0,2053,0,0
2020-09,660,1,1,6895,12,0
2020-09,660,2,0,70,0,0
2020-09,660,2,1,753,0,0
2020-09,670,1,0,2123,1,0
2020-09,670,1,1,6926,12,0
2020-09,670,2,0,62,0,0
2020-09,670,2,1,696,0,0
2020-09,680,1,0,2400,0,0
2020-09,680,1,1,9109,12,0
2020-09,680,2,0,198,0,0
2020-09,680,2,1,646,0,0
2020-09,690,1,0,2434,0,0
2020-09,690,1,1,8782,6,0
2020-09,690,2,0,191,0,0
2020-09,690,2,1,646,0,0
2020-09,700,1,0,2825,3,0
2020-09,700,1,1,15944,18,0
2020-09,700,2,0,49,0,0
2020-09,700,2,1,2143,1,0
2020-09,710,1,0,2446,3,0
2020-09,710,1,1,13702,10,0
2020-09,710,2,0,52,0,0
2020-09,710,2,1,1956,0,0
2020-09,720,1,0,2594,2,0
2020-09,720,1,1,22070,11,0
2020-09,720,2,0,48,0,0
2020-09,720,2,1,2768,1,0
2020-09,730,1,0,2305,0,0
2020-09,730,1,1,19372,6,0
2020-09,730,2,0,52,0,0
2020-09,730,2,1,2566,1,0
2020-09,740,1,0,4341,0,0
2020-09,740,1,1,21502,10,0
2020-09,740,2,0,731,0,0
2020-09,740,2,1,1951,0,0
2020-09,750,1,0,4051,0,0
2020-09,750,1,1,19968,9,0
2020-09,750,2,0,694,0,0
2020-09,750,2,1,1833,1,0
2020-09,760,1,0,3555,0,0
2020-09,760,1,1,17342,5,0
2020-09,760,2,0,605,0,0
2020-09,760,2,1,1571,0,0
2020-09,770,1,0,3552,1,0
2020-09,770,1,1,17423,5,0
2020-09,770,2,0,620,0,0
2020-09,770,2,1,1518,0,0
2020-09,780,1,0,3620,1,0
2020-09,780,1,1,17608,4,0
2020-09,780,2,0,679,0,0
2020-09,780,2,1,1511,0,0
2020-09,790,1,0,3467,0,0
2020-09,790,1,1,16631,4,0
2020-09,790,2,0,598,0,0
2020-09,790,2,1,1354,0,0
2020-09,800,1,0,3735,0,0
2020-09,800,1,1,17937,1,0
2020-09,800,2,0,627,0,0
2020-09,800,2,1,1497,0,0
2020-09,810,1,0,3709,0,0
2020-09,810,1,1,17498,0,0
2020-09,810,2,0,654,0,0
2020-09,810,2,1,1330,0,0
2020-09,820,1,0,3892,1,0
2020-09,820,1,1,17859,3,0
2020-09,820,2,0,655,0,0
2020-09,820,2,1,1385,0,0
2020-09,830,1,0,3784,0,0
2020-09,830,1,1,17707,2,0
2020-09,830,2,0,638,0,0
2020-09,830,2,1,1247,0,0
2020-09,840,1,0,3301,0,0
2020-09,840,1,1,16746,1,0
2020-09,840,2,0,595,0,0
2020-09,840,2,1,1251,0,0
2020-09,850,1,0,3436,0,0
2020-09,850,1,1,17018,2,0
2020-09,850,2,0,607,0,0
2020-09,850,2,1,1239,0,0
2020-09,860,1,0,2747,0,0
2020-09,860,1,1,13223,1,0
2020-09,860,2,0,463,0,0
2020-09,860,2,1,907,0,0
2020-09,870,1,0,1913,0,0
2020-09,870,1,1,9637,0,0
2020-09,870,2,0,329,0,0
2020-09,870,2,1,641,0,0
2020-09,880,1,0,866,0,0
2020-09,880,1,1,4432,0,0
2020-09,880,2,0,162,0,0
2020-09,880,2,1,282,0,0
2020-09,890,1,0,317,0,0
2020-09,890,1,1,1518,0,0
2020-09,890,2,0,66,0,0
2020-09,890,2,1,85,0,0
2020-10,660,1,0,1996,2,0
2020-10,660,1,1,6643,9,0
2020-10,660,2,0,70,0,0
2020-10,660,2,1,734,0,0
2020-10,670,1,0,2073,1,0
2020-10,670,1,1,6655,7,0
2020-10,670,2,0,62,0,0
2020-10,670,2,1,678,1,0
2020-10,680,1,0,2339,0,0
2020-10,680,1,1,8849,11,0
2020-10,680,2,0,195,0,0
2020-10,680,2,1,624,0,0
2020-10,690,1,0,2368,1,0
2020-10,690,1,1,8517,11,0
2020-10,690,2,0,188,0,0
2020-10,690,2,1,628,1,0
2020-10,700,1,0,2770,1,0
2020-10,700,1,1,15530,17,0
2020-10,700,2,0,48,0,0
2020-10,700,2,1,2098,2,0
2020-10,710,1,0,2386,3,0
2020-10,710,1,1,13334,21,0
2020-10,710,2,0,52,0,0
2020-10,710,2,1,1905,1,0
2020-10,720,1,0,2541,0,0
2020-10,720,1,1,21569,20,0
2020-10,720,2,0,45,0,0
2020-10,720,2,1,2700,0,0
2020-10,730,1,0,2257,1,0
2020-10,730,1,1,18895,19,0
2020-10,730,2,0,48,0,0
2020-10,730,2,1,2495,0,0
2020-10,740,1,0,4257,3,0
2020-10,740,1,1,20850,13,0
2020-10,740,2,0,717,0,0
2020-10,740,2,1,1895,1,0
2020-10,750,1,0,3978,1,0
2020-10,750,1,1,19330,8,0
2020-10,750,2,0,684,0,0
2020-10,750,2,1,1791,0,0
2020-10,760,1,0,3493,3,0
2020-10,760,1,1,16770,3,0
2020-10,760,2,0,590,0,0
2020-10,760,2,1,1533,0,0
2020-10,770,1,0,3492,0,0
2020-10,770,1,1,16877,7,0
2020-10,770,2,0,608,0,0
2020-10,770,2,1,1471,1,0
2020-10,780,1,0,3559,0,0
2020-10,780,1,1,17050,8,0
2020-10,780,2,0,659,0,0
2020-10,780,2,1,1464,0,0
2020-10,790,1,0,3409,0,0
2020-10,790,1,1,16078,5,0
2020-10,790,2,0,580,0,0
2020-10,790,2,1,1318,1,0
2020-10,800,1,0,3658,0,0
2020-10,800,1,1,17300,2,0
2020-10,800,2,0,611,0,0
2020-10,800,2,1,1443,0,0
2020-10,810,1,0,3644,0,0
2020-10,810,1,1,16868,4,0
2020-10,810,2,0,634,0,0
2020-10,810,2,1,1287,0,0
2020-10,820,1,0,3813,0,0
2020-10,820,1,1,17210,0,0
2020-10,820,2,0,637,0,0
2020-10,820,2,1,1343,0,0
2020-10,830,1,0,3706,0,0
2020-10,830,1,1,17055,1,0
2020-10,830,2,0,626,0,0
2020-10,830,2,1,1199,0,0
2020-10,840,1,0,3247,1,0
2020-10,840,1,1,16141,4,0
2020-10,840,2,0,581,0,0
2020-10,840,2,1,1205,0,0
2020-10,850,1,0,3377,0,0
2020-10,850,1,1,16388,0,0
2020-10,850,2,0,591,0,0
2020-10,850,2,1,1200,1,0
2020-10,860,1,0,2698,0,0
2020-10,860,1,1,12740,0,0
2020-10,860,2,0,449,0,0
2020-10,860,2,1,877,0,0
2020-10,870,1,0,1887,0,0
2020-10,870,1,1,9291,0,0
2020-10,870,2,0,317,0,0
2020-10,870,2,1,621,0,0
2020-10,880,1,0,854,0,0
2020-10,880,1,1,4295,0,0
2020-10,880,2,0,156,0,0
2020-10,880,2,1,277,0,0
2020-10,890,1,0,311,0,0
2020-10,890,1,1,1477,0,0
2020-10,890,2,0,64,0,0
2020-10,890,2,1,82,0,0
2020-11,660,1,1,8390,8,0
2020-11,660,2,1,782,0,0
2020-11,670,1,1,8451,6,0
2020-11,670,2,1,711,0,0
2020-11,680,1,1,10856,12,0
2020-11,680,2,1,793,0,0
2020-11,690,1,1,10597,10,0
2020-11,690,2,1,791,0,0
2020-11,700,1,1,17780,11,0
2020-11,700,2,1,2081,1,0
2020-11,710,1,1,15266,12,0
2020-11,710,2,1,1910,0,0
2020-11,720,1,1,23471,27,0
2020-11,720,2,1,2679,0,0
2020-11,730,1,1,20588,7,0
2020-11,730,2,1,2468,0,0
2020-11,740,1,1,24459,9,0
2020-11,740,2,1,2546,0,0
2020-11,750,1,1,22668,5,0
2020-11,750,2,1,2404,0,0
2020-11,760,1,1,19724,6,0
2020-11,760,2,1,2071,1,0
2020-11,770,1,1,19808,2,0
2020-11,770,2,1,2019,0,0
2020-11,780,1,1,20066,2,0
2020-11,780,2,1,2057,0,0
2020-11,790,1,1,18981,5,0
2020-11,790,2,1,1839,0,0
2020-11,800,1,1,20382,2,0
2020-11,800,2,1,1982,0,0
2020-11,810,1,1,19988,4,0
2020-11,810,2,1,1867,0,0
2020-11,820,1,1,20471,3,0
2020-11,820,2,1,1912,0,0
2020-11,830,1,1,20212,2,0
2020-11,830,2,1,1770,0,0
2020-11,840,1,1,18900,4,0
2020-11,840,2,1,1724,0,0
2020-11,850,1,1,19277,1,0
2020-11,850,2,1,1736,0,0
2020-11,860,1,1,15056,2,0
2020-11,860,2,1,1277,0,0
2020-11,870,1,1,10899,1,0
2020-11,870,2,1,913,0,0
2020-11,880,1,1,5040,0,0
2020-11,880,2,1,422,0,0
2020-11,890,1,1,1747,0,0
2020-11,890,2,1,140,0,0
2020-12,660,1,1,8166,14,0
2020-12,660,2,1,752,0,0
2020-12,670,1,1,8198,14,0
2020-12,670,2,1,697,1,0
2020-12,680,1,1,10595,11,0
2020-12,680,2,1,768,2,0
2020-12,690,1,1,10334,6,0
2020-12,690,2,1,766,0,0
2020-12,700,1,1,17336,14,0
2020-12,700,2,1,2034,2,0
2020-12,710,1,1,14960,10,0
2020-12,710,2,1,1853,0,0
2020-12,720,1,1,22904,18,0
2020-12,720,2,1,2625,0,0
2020-12,730,1,1,20145,11,0
2020-12,730,2,1,2417,1,0
2020-12,740,1,1,23887,9,0
2020-12,740,2,1,2488,0,0
2020-12,750,1,1,22184,4,0
2020-12,750,2,1,2344,0,0
2020-12,760,1,1,19285,5,0
2020-12,760,2,1,2025,0,0
2020-12,770,1,1,19356,0,0
2020-12,770,2,1,1957,0,0
2020-12,780,1,1,19604,2,0
2020-12,780,2,1,2002,1,0
2020-12,790,1,1,18481,4,0
2020-12,790,2,1,1776,0,0
2020-12,800,1,1,19898,1,0
2020-12,800,2,1,1934,0,0
2020-12,810,1,1,19483,2,0
2020-12,810,2,1,1812,1,0
2020-12,820,1,1,19953,2,0
2020-12,820,2,1,1842,1,0
2020-12,830,1,1,19718,2,0
2020-12,830,2,1,1714,0,0
2020-12,840,1,1,18365,2,0
2020-12,840,2,1,1687,0,0
2020-12,850,1,1,18802,1,0
2020-12,850,2,1,1675,0,0
2020-12,860,1,1,14701,2,0
2020-12,860,2,1,1241,0,0
2020-12,870,1,1,10635,1,0
2020-12,870,2,1,884,0,0
2020-12,880,1,1,4936,0,0
2020-12,880,2,1,413,0,0
2020-12,890,1,1,1713,0,0
2020-12,890,2,1,136,0,0
2021-01,660,1,1,7905,9,0
2021-01,660,2,1,727,0,0
2021-01,670,1,1,7947,7,0
2021-01,670,2,1,673,1,0
2021-01,680,1,1,10340,11,0
2021-01,680,2,1,738,0,0
2021-01,690,1,1,10048,9,0
2021-01,690,2,1,736,1,0
2021-01,700,1,1,16897,9,0
2021-01,700,2,1,1990,1,0
2021-01,710,1,1,14587,17,0
2021-01,710,2,1,1797,1,0
2021-01,720,1,1,22399,20,0
2021-01,720,2,1,2560,2,0
2021-01,730,1,1,19662,12,0
2021-01,730,2,1,2365,0,0
2021-01,740,1,1,23320,5,0
2021-01,740,2,1,2411,0,0
2021-01,750,1,1,21652,11,0
2021-01,750,2,1,2281,1,0
2021-01,760,1,1,18784,8,0
2021-01,760,2,1,1966,0,0
2021-01,770,1,1,18881,2,0
2021-01,770,2,1,1899,1,0
2021-01,780,1,1,19125,6,0
2021-01,780,2,1,1931,0,0
2021-01,790,1,1,17999,2,0
2021-01,790,2,1,1721,0,0
2021-01,800,1,1,19424,1,0
2021-01,800,2,1,1873,1,0
2021-01,810,1,1,18949,2,0
2021-01,810,2,1,1755,0,0
2021-01,820,1,1,19411,0,0
2021-01,820,2,1,1778,0,0
2021-01,830,1,1,19193,1,0
2021-01,830,2,1,1651,1,0
2021-01,840,1,1,17895,0,0
2021-01,840,2,1,1618,0,0
2021-01,850,1,1,18272,1,0
2021-01,850,2,1,1617,0,0
2021-01,860,1,1,14331,0,0
2021-01,860,2,1,1201,0,0
2021-01,870,1,1,10376,1,0
2021-01,870,2,1,849,0,0
2021-01,880,1,1,4831,0,0
2021-01,880,2,1,396,0,0
2021-01,890,1,1,1668,0,0
2021-01,890,2,1,136,0,0
2021-02,660,1,1,7657,10,0
2021-02,660,2,1,694,0,0
2021-02,670,1,1,7689,5,0
2021-02,670,2,1,642,1,0
2021-02,680,1,1,10077,5,0
2021-02,680,2,1,710,2,0
2021-02,690,1,1,9822,6,0
2021-02,690,2,1,704,0,0
2021-02,700,1,1,16423,11,0
2021-02,700,2,1,1931,3,0
2021-02,710,1,1,14146,9,0
2021-02,710,2,1,1737,0,0
2021-02,720,1,1,21844,16,0
2021-02,720,2,1,2479,0,0
2021-02,730,1,1,19197,13,0
2021-02,730,2,1,2296,0,0
2021-02,740,1,1,22726,10,0
2021-02,740,2,1,2324,3,0
2021-02,750,1,1,21105,5,0
2021-02,750,2,1,2194,0,0
2021-02,760,1,1,18313,2,0
2021-02,760,2,1,1904,0,0
2021-02,770,1,1,18371,2,0
2021-02,770,2,1,1822,0,0
2021-02,780,1,1,18591,1,0
2021-02,780,2,1,1858,1,0
2021-02,790,1,1,17504,3,0
2021-02,790,2,1,1651,1,0
2021-02,800,1,1,18853,2,0
2021-02,800,2,1,1814,0,0
2021-02,810,1,1,18410,4,0
2021-02,810,2,1,1685,0,0
2021-02,820,1,1,18852,0,0
2021-02,820,2,1,1694,0,0
2021-02,830,1,1,18659,0,0
2021-02,830,2,1,1585,0,0
2021-02,840,1,1,17358,2,0
2021-02,840,2,1,1542,0,0
2021-02,850,1,1,17700,0,0
2021-02,850,2,1,1545,0,0
2021-02,860,1,1,13907,0,0
2021-02,860,2,1,1155,0,0
2021-02,870,1,1,10111,0,0
2021-02,870,2,1,819,0,0
2021-02,880,1,1,4687,0,0
2021-02,880,2,1,382,0,0
2021-02,890,1,1,1640,0,0
2021-02,890,2,1,133,0,0
2021-03,660,1,1,7435,8,0
2021-03,660,2,1,678,0,0
2021-03,670,1,1,7459,10,0
2021-03,670,2,1,622,0,0
2021-03,680,1,1,9840,2,0
2021-03,680,2,1,672,0,0
2021-03,690,1,1,9595,4,0
2021-03,690,2,1,676,0,0
2021-03,700,1,1,16032,14,0
2021-03,700,2,1,1882,0,0
2021-03,710,1,1,13773,13,0
2021-03,710,2,1,1694,0,0
2021-03,720,1,1,21383,19,0
2021-03,720,2,1,2406,0,0
2021-03,730,1,1,18770,11,0
2021-03,730,2,1,2230,0,0
2021-03,740,1,1,22208,17,0
2021-03,740,2,1,2249,2,0
2021-03,750,1,1,20616,9,0
2021-03,750,2,1,2141,0,0
2021-03,760,1,1,17861,9,0
2021-03,760,2,1,1841,1,0
2021-03,770,1,1,17910,9,0
2021-03,770,2,1,1761,0,0
2021-03,780,1,1,18123,2,0
2021-03,780,2,1,1787,0,0
2021-03,790,1,1,17078,5,0
2021-03,790,2,1,1595,1,0
2021-03,800,1,1,18413,2,0
2021-03,800,2,1,1754,0,0
2021-03,810,1,1,17919,1,0
2021-03,810,2,1,1622,1,0
2021-03,820,1,1,18366,1,0
2021-03,820,2,1,1643,0,0
2021-03,830,1,1,18181,2,0
2021-03,830,2,1,1532,0,0
2021-03,840,1,1,16915,1,0
2021-03,840,2,1,1477,0,0
2021-03,850,1,1,17268,1,0
2021-03,850,2,1,1482,0,0
2021-03,860,1,1,13557,2,0
2021-03,860,2,1,1113,0,0
2021-03,870,1,1,9874,0,0
2021-03,870,2,1,788,0,0
2021-03,880,1,1,4578,1,0
2021-03,880,2,1,372,0,0
2021-03,890,1,1,1616,0,0
2021-03,890,2,1,129,0,0
2021-04,660,1,1,7071,3,0
2021-04,660,2,1,643,2,0
2021-04,670,1,1,7058,9,0
2021-04,670,2,1,585,1,0
2021-04,680,1,1,9456,4,0
2021-04,680,2,1,634,1,0
2021-04,690,1,1,9229,2,0
2021-04,690,2,1,630,1,0
2021-04,700,1,1,15400,11,0
2021-04,700,2,1,1792,0,0
2021-04,710,1,1,13255,8,0
2021-04,710,2,1,1623,2,0
2021-04,720,1,1,20663,15,0
2021-04,720,2,1,2301,0,0
2021-04,730,1,1,18096,12,0
2021-04,730,2,1,2126,1,0
2021-04,740,1,1,21378,6,0
2021-04,740,2,1,2137,0,0
2021-04,750,1,1,19825,9,0
2021-04,750,2,1,2053,0,0
2021-04,760,1,1,17158,3,0
2021-04,760,2,1,1738,2,0
2021-04,770,1,1,17194,1,0
2021-04,770,2,1,1672,0,0
2021-04,780,1,1,17391,3,0
2021-04,780,2,1,1685,1,0
2021-04,790,1,1,16442,3,0
2021-04,790,2,1,1504,0,0
2021-04,800,1,1,17671,2,0
2021-04,800,2,1,1654,0,0
2021-04,810,1,1,17189,2,0
2021-04,810,2,1,1547,0,0
2021-04,820,1,1,17617,3,0
2021-04,820,2,1,1547,0,0
2021-04,830,1,1,17410,1,0
2021-04,830,2,1,1448,0,0
2021-04,840,1,1,16205,1,0
2021-04,840,2,1,1384,0,0
2021-04,850,1,1,16549,2,0
2021-04,850,2,1,1391,0,0
2021-04,860,1,1,12986,0,0
2021-04,860,2,1,1047,0,0
2021-04,870,1,1,9468,0,0
2021-04,870,2,1,749,0,0
2021-04,880,1,1,4392,0,0
2021-04,880,2,1,345,0,0
2021-04,890,1,1,1575,0,0
2021-04,890,2,1,125,0,0
2021-05,660,1,1,6622,5,0
2021-05,660,2,1,621,0,0
2021-05,670,1,1,6583,6,0
2021-05,670,2,1,555,0,0
2021-05,680,1,1,8610,5,0
2021-05,680,2,1,609,0,0
2021-05,690,1,1,8484,4,0
2021-05,690,2,1,590,0,0
2021-05,700,1,1,14047,7,0
2021-05,700,2,1,1684,1,0
2021-05,710,1,1,12179,3,0
2021-05,710,2,1,1521,0,0
2021-05,720,1,1,19042,6,0
2021-05,720,2,1,2178,0,0
2021-05,730,1,1,16670,6,0
2021-05,730,2,1,2006,0,0
2021-05,740,1,1,19765,4,0
2021-05,740,2,1,1999,0,0
2021-05,750,1,1,18365,2,0
2021-05,750,2,1,1902,0,0
2021-05,760,1,1,15917,3,0
2021-05,760,2,1,1619,0,0
2021-05,770,1,1,15980,5,0
2021-05,770,2,1,1556,0,0
2021-05,780,1,1,16115,4,0
2021-05,780,2,1,1558,0,0
2021-05,790,1,1,15276,5,0
2021-05,790,2,1,1390,1,0
2021-05,800,1,1,16383,2,0
2021-05,800,2,1,1535,0,0
2021-05,810,1,1,15980,1,0
2021-05,810,2,1,1421,0,0
2021-05,820,1,1,16351,2,0
2021-05,820,2,1,1431,0,0
2021-05,830,1,1,16179,0,0
2021-05,830,2,1,1340,0,0
2021-05,840,1,1,15057,0,0
2021-05,840,2,1,1288,0,0
2021-05,850,1,1,15452,1,0
2021-05,850,2,1,1292,0,0
2021-05,860,1,1,12112,0,0
2021-05,860,2,1,967,0,0
2021-05,870,1,1,8867,0,0
2021-05,870,2,1,679,0,0
2021-05,880,1,1,4130,0,0
2021-05,880,2,1,325,0,0
2021-05,890,1,1,1507,0,0
2021-05,890,2,1,119,0,0
2021-06,660,1,0,564,0,0
2021-06,660,1,1,6323,5,0
2021-06,660,2,0,73,0,0
2021-06,660,2,1,592,1,0
2021-06,670,1,0,624,0,0
2021-06,670,1,1,6271,8,0
2021-06,670,2,0,87,0,0
2021-06,670,2,1,534,0,0
2021-06,680,1,0,839,0,0
2021-06,680,1,1,8323,0,0
2021-06,680,2,0,158,0,0
2021-06,680,2,1,581,0,0
2021-06,690,1,0,905,0,0
2021-06,690,1,1,8200,5,0
2021-06,690,2,0,200,0,0
2021-06,690,2,1,555,0,0
2021-06,700,1,0,1735,0,0
2021-06,700,1,1,13512,6,0
2021-06,700,2,0,254,0,0
2021-06,700,2,1,1626,1,0
2021-06,710,1,0,1575,1,0
2021-06,710,1,1,11715,4,0
2021-06,710,2,0,250,0,0
2021-06,710,2,1,1474,1,0
2021-06,720,1,0,2277,0,0
2021-06,720,1,1,18416,5,0
2021-06,720,2,0,283,0,0
2021-06,720,2,1,2118,0,0
2021-06,730,1,0,2239,0,0
2021-06,730,1,1,16137,7,0
2021-06,730,2,0,291,0,0
2021-06,730,2,1,1951,0,0
2021-06,740,1,0,2670,0,0
2021-06,740,1,1,19171,12,0
2021-06,740,2,0,413,0,0
2021-06,740,2,1,1939,0,0
2021-06,750,1,0,2553,0,0
2021-06,750,1,1,17825,3,0
2021-06,750,2,0,389,0,0
2021-06,750,2,1,1839,0,0
2021-06,760,1,0,2375,0,0
2021-06,760,1,1,15454,5,0
2021-06,760,2,0,346,0,0
2021-06,760,2,1,1566,0,0
2021-06,770,1,0,2334,0,0
2021-06,770,1,1,15493,1,0
2021-06,770,2,0,318,0,0
2021-06,770,2,1,1502,0,0
2021-06,780,1,0,2208,0,0
2021-06,780,1,1,15612,3,0
2021-06,780,2,0,350,0,0
2021-06,780,2,1,1507,0,0
2021-06,790,1,0,2258,0,0
2021-06,790,1,1,14801,3,0
2021-06,790,2,0,303,0,0
2021-06,790,2,1,1347,0,0
2021-06,800,1,0,2372,0,0
2021-06,800,1,1,15882,0,0
2021-06,800,2,0,318,0,0
2021-06,800,2,1,1482,0,0
2021-06,810,1,0,2283,0,0
2021-06,810,1,1,15484,2,0
2021-06,810,2,0,319,0,0
2021-06,810,2,1,1369,0,0
2021-06,820,1,0,2448,0,0
2021-06,820,1,1,15792,1,0
2021-06,820,2,0,323,0,0
2021-06,820,2,1,1368,0,0
2021-06,830,1,0,2336,0,0
2021-06,830,1,1,15746,0,0
2021-06,830,2,0,299,0,0
2021-06,830,2,1,1278,0,0
2021-06,840,1,0,2326,0,0
2021-06,840,1,1,14621,1,0
2021-06,840,2,0,310,0,0
2021-06,840,2,1,1232,0,0
2021-06,850,1,0,2372,0,0
2021-06,850,1,1,15021,0,0
2021-06,850,2,0,275,0,0
2021-06,850,2,1,1242,0,0
2021-06,860,1,0,1802,0,0
2021-06,860,1,1,11754,0,0
2021-06,860,2,0,250,0,0
2021-06,860,2,1,929,0,0
2021-06,870,1,0,1384,0,0
2021-06,870,1,1,8654,1,0
2021-06,870,2,0,164,0,0
2021-06,870,2,1,655,0,0
2021-06,880,1,0,690,0,0
2021-06,880,1,1,4018,0,0
2021-06,880,2,0,84,0,0
2021-06,880,2,1,306,0,0
2021-06,890,1,0,297,0,0
2021-06,890,1,1,1474,0,0
2021-06,890,2,0,34,0,0
2021-06,890,2,1,114,0,0
2021-07,660,1,0,551,0,0
2021-07,660,1,1,5973,3,0
2021-07,660,2,0,71,0,0
2021-07,660,2,1,568,1,0
2021-07,670,1,0,614,0,0
2021-07,670,1,1,5931,7,0
2021-07,670,2,0,84,0,0
2021-07,670,2,1,507,0,0
2021-07,680,1,0,825,0,0
2021-07,680,1,1,8037,7,0
2021-07,680,2,0,156,0,0
2021-07,680,2,1,546,0,0
2021-07,690,1,0,887,1,0
2021-07,690,1,1,7883,3,0
2021-07,690,2,0,197,0,0
2021-07,690,2,1,521,1,0
2021-07,700,1,0,1697,0,0
2021-07,700,1,1,12903,6,0
2021-07,700,2,0,249,0,0
2021-07,700,2,1,1570,2,0
2021-07,710,1,0,1545,0,0
2021-07,710,1,1,11193,4,0
2021-07,710,2,0,247,0,0
2021-07,710,2,1,1416,2,0
2021-07,720,1,0,2242,0,0
2021-07,720,1,1,17672,10,0
2021-07,720,2,0,282,0,0
2021-07,720,2,1,2031,2,0
2021-07,730,1,0,2210,1,0
2021-07,730,1,1,15515,10,0
2021-07,730,2,0,288,0,0
2021-07,730,2,1,1874,1,0
2021-07,740,1,0,2626,2,0
2021-07,740,1,1,18457,5,0
2021-07,740,2,0,404,0,0
2021-07,740,2,1,1868,0,0
2021-07,750,1,0,2517,0,0
2021-07,750,1,1,17147,4,0
2021-07,750,2,0,378,0,0
2021-07,750,2,1,1768,0,0
2021-07,760,1,0,2343,0,0
2021-07,760,1,1,14884,2,0
2021-07,760,2,0,336,0,0
2021-07,760,2,1,1517,1,0
2021-07,770,1,0,2313,0,0
2021-07,770,1,1,14912,1,0
2021-07,770,2,0,313,0,0
2021-07,770,2,1,1446,0,0
2021-07,780,1,0,2177,0,0
2021-07,780,1,1,15023,2,0
2021-07,780,2,0,347,0,0
2021-07,780,2,1,1457,0,0
2021-07,790,1,0,2234,1,0
2021-07,790,1,1,14269,1,0
2021-07,790,2,0,297,0,0
2021-07,790,2,1,1290,0,0
2021-07,800,1,0,2335,0,0
2021-07,800,1,1,15308,1,0
2021-07,800,2,0,308,0,0
2021-07,800,2,1,1419,0,0
2021-07,810,1,0,2253,0,0
2021-07,810,1,1,14928,1,0
2021-07,810,2,0,312,0,0
2021-07,810,2,1,1298,0,0
2021-07,820,1,0,2413,0,0
2021-07,820,1,1,15214,0,0
2021-07,820,2,0,312,0,0
2021-07,820,2,1,1301,0,0
2021-07,830,1,0,2303,0,0
2021-07,830,1,1,15177,1,0
2021-07,830,2,0,294,0,0
2021-07,830,2,1,1210,0,0
2021-07,840,1,0,2299,0,0
2021-07,840,1,1,14044,2,0
2021-07,840,2,0,308,0,0
2021-07,840,2,1,1172,0,0
2021-07,850,1,0,2352,0,0
2021-07,850,1,1,14444,1,0
2021-07,850,2,0,271,0,0
2021-07,850,2,1,1179,0,0
2021-07,860,1,0,1790,0,0
2021-07,860,1,1,11334,2,0
2021-07,860,2,0,247,0,0
2021-07,860,2,1,888,0,0
2021-07,870,1,0,1367,0,0
2021-07,870,1,1,8321,0,0
2021-07,870,2,0,163,0,0
2021-07,870,2,1,623,0,0
2021-07,880,1,0,685,0,0
2021-07,880,1,1,3904,0,0
2021-07,880,2,0,83,0,0
2021-07,880,2,1,292,0,0
2021-07,890,1,0,293,0,0
2021-07,890,1,1,1434,0,0
2021-07,890,2,0,34,0,0
2021-07,890,2,1,109,0,0
2021-08,660,1,0,540,0,0
2021-08,660,1,1,5692,4,0
2021-08,660,2,0,69,0,0
2021-08,660,2,1,529,0,0
2021-08,670,1,0,606,0,0
2021-08,670,1,1,5632,8,0
2021-08,670,2,0,83,0,0
2021-08,670,2,1,488,0,0
2021-08,680,1,0,801,1,0
2021-08,680,1,1,7755,4,0
2021-08,680,2,0,154,0,0
2021-08,680,2,1,519,0,0
2021-08,690,1,0,871,0,0
2021-08,690,1,1,7570,5,0
2021-08,690,2,0,193,0,0
2021-08,690,2,1,491,1,0
2021-08,700,1,0,1671,0,0
2021-08,700,1,1,12380,12,0
2021-08,700,2,0,245,0,0
2021-08,700,2,1,1513,0,0
2021-08,710,1,0,1525,0,0
2021-08,710,1,1,10720,7,0
2021-08,710,2,0,243,0,0
2021-08,710,2,1,1363,0,0
2021-08,720,1,0,2208,1,0
2021-08,720,1,1,17002,6,0
2021-08,720,2,0,281,0,0
2021-08,720,2,1,1951,1,0
2021-08,730,1,0,2184,1,0
2021-08,730,1,1,14915,8,0
2021-08,730,2,0,284,0,0
2021-08,730,2,1,1808,0,0
2021-08,740,1,0,2581,0,0
2021-08,740,1,1,17884,9,0
2021-08,740,2,0,394,0,0
2021-08,740,2,1,1784,2,0
2021-08,750,1,0,2480,1,0
2021-08,750,1,1,16587,5,0
2021-08,750,2,0,369,0,0
2021-08,750,2,1,1703,1,0
2021-08,760,1,0,2307,0,0
2021-08,760,1,1,14419,3,0
2021-08,760,2,0,331,0,0
2021-08,760,2,1,1464,1,0
2021-08,770,1,0,2279,0,0
2021-08,770,1,1,14428,2,0
2021-08,770,2,0,307,0,0
2021-08,770,2,1,1391,0,0
2021-08,780,1,0,2154,0,0
2021-08,780,1,1,14509,3,0
2021-08,780,2,0,339,0,0
2021-08,780,2,1,1397,0,0
2021-08,790,1,0,2196,0,0
2021-08,790,1,1,13798,2,0
2021-08,790,2,0,292,0,0
2021-08,790,2,1,1229,0,0
2021-08,800,1,0,2306,2,0
2021-08,800,1,1,14821,1,0
2021-08,800,2,0,301,0,0
2021-08,800,2,1,1361,0,0
2021-08,810,1,0,2228,0,0
2021-08,810,1,1,14429,0,0
2021-08,810,2,0,305,0,0
2021-08,810,2,1,1249,0,0
2021-08,820,1,0,2391,0,0
2021-08,820,1,1,14702,3,0
2021-08,820,2,0,308,0,0
2021-08,820,2,1,1247,0,0
2021-08,830,1,0,2276,0,0
2021-08,830,1,1,14640,0,0
2021-08,830,2,0,292,0,0
2021-08,830,2,1,1150,0,0
2021-08,840,1,0,2277,0,0
2021-08,840,1,1,13563,0,0
2021-08,840,2,0,304,0,0
2021-08,840,2,1,1126,0,0
2021-08,850,1,0,2325,0,0
2021-08,850,1,1,13929,1,0
2021-08,850,2,0,268,0,0
2021-08,850,2,1,1123,0,0
2021-08,860,1,0,1772,0,0
2021-08,860,1,1,10970,0,0
2021-08,860,2,0,246,0,0
2021-08,860,2,1,845,0,0
2021-08,870,1,0,1353,0,0
2021-08,870,1,1,8046,0,0
2021-08,870,2,0,160,0,0
2021-08,870,2,1,597,0,0
2021-08,880,1,0,677,0,0
2021-08,880,1,1,3773,0,0
2021-08,880,2,0,83,0,0
2021-08,880,2,1,278,0,0
2021-08,890,1,0,288,0,0
2021-08,890,1,1,1401,0,0
2021-08,890,2,0,33,0,0
2021-08,890,2,1,103,0,0
2021-09,660,1,0,531,0,0
2021-09,660,1,1,5198,9,0
2021-09,660,2,0,69,0,0
2021-09,660,2,1,503,0,0
2021-09,670,1,0,592,0,0
2021-09,670,1,1,5115,1,0
2021-09,670,2,0,82,0,0
2021-09,670,2,1,469,0,0
2021-09,680,1,0,784,0,0
2021-09,680,1,1,7071,5,0
2021-09,680,2,0,150,0,0
2021-09,680,2,1,486,0,0
2021-09,690,1,0,862,0,0
2021-09,690,1,1,6931,0,0
2021-09,690,2,0,192,0,0
2021-09,690,2,1,466,0,0
2021-09,700,1,0,1643,0,0
2021-09,700,1,1,11377,8,0
2021-09,700,2,0,241,0,0
2021-09,700,2,1,1443,0,0
2021-09,710,1,0,1492,1,0
2021-09,710,1,1,9879,6,0
2021-09,710,2,0,238,0,0
2021-09,710,2,1,1311,0,0
2021-09,720,1,0,2170,0,0
2021-09,720,1,1,15103,2,0
2021-09,720,2,0,271,0,0
2021-09,720,2,1,1866,0,0
2021-09,730,1,0,2152,0,0
2021-09,730,1,1,13289,3,0
2021-09,730,2,0,279,0,0
2021-09,730,2,1,1722,1,0
2021-09,740,1,0,2537,1,0
2021-09,740,1,1,16315,6,0
2021-09,740,2,0,387,0,0
2021-09,740,2,1,1633,0,0
2021-09,750,1,0,2449,1,0
2021-09,750,1,1,15039,3,0
2021-09,750,2,0,363,0,0
2021-09,750,2,1,1544,1,0
2021-09,760,1,0,2262,0,0
2021-09,760,1,1,13181,2,0
2021-09,760,2,0,323,0,0
2021-09,760,2,1,1342,0,0
2021-09,770,1,0,2240,0,0
2021-09,770,1,1,13146,3,0
2021-09,770,2,0,300,0,0
2021-09,770,2,1,1257,0,0
2021-09,780,1,0,2112,0,0
2021-09,780,1,1,13231,3,0
2021-09,780,2,0,332,0,0
2021-09,780,2,1,1282,0,0
2021-09,790,1,0,2173,0,0
2021-09,790,1,1,12632,4,0
2021-09,790,2,0,285,0,0
2021-09,790,2,1,1134,0,0
2021-09,800,1,0,2269,0,0
2021-09,800,1,1,13476,0,0
2021-09,800,2,0,297,0,0
2021-09,800,2,1,1241,0,0
2021-09,810,1,0,2195,0,0
2021-09,810,1,1,13115,1,0
2021-09,810,2,0,301,0,0
2021-09,810,2,1,1151,0,0
2021-09,820,1,0,2361,0,0
2021-09,820,1,1,13432,1,0
2021-09,820,2,0,300,0,0
2021-09,820,2,1,1148,0,0
2021-09,830,1,0,2249,1,0
2021-09,830,1,1,13388,0,0
2021-09,830,2,0,287,0,0
2021-09,830,2,1,1068,0,0
2021-09,840,1,0,2243,0,0
2021-09,840,1,1,12476,0,0
2021-09,840,2,0,296,0,0
2021-09,840,2,1,1060,0,0
2021-09,850,1,0,2299,0,0
2021-09,850,1,1,12807,1,0
2021-09,850,2,0,263,0,0
2021-09,850,2,1,1059,0,0
2021-09,860,1,0,1751,0,0
2021-09,860,1,1,10133,0,0
2021-09,860,2,0,240,0,0
2021-09,860,2,1,794,0,0
2021-09,870,1,0,1343,0,0
2021-09,870,1,1,7475,0,0
2021-09,870,2,0,157,0,0
2021-09,870,2,1,552,0,0
2021-09,880,1,0,672,0,0
2021-09,880,1,1,3533,0,0
2021-09,880,2,0,83,0,0
2021-09,880,2,1,257,0,0
2021-09,890,1,0,286,0,0
2021-09,890,1,1,1338,0,0
2021-09,890,2,0,33,0,0
2021-09,890,2,1,94,0,0
2021-10,660,1,0,521,0,0
2021-10,660,1,1,4989,3,0
2021-10,660,2,0,68,0,0
2021-10,660,2,1,473,1,0
2021-10,670,1,0,587,0,0
2021-10,670,1,1,4923,10,0
2021-10,670,2,0,81,0,0
2021-10,670,2,1,448,1,0
2021-10,680,1,0,771,0,0
2021-10,680,1,1,6871,2,0
2021-10,680,2,0,148,0,0
2021-10,680,2,1,466,0,0
2021-10,690,1,0,844,0,0
2021-10,690,1,1,6729,3,0
2021-10,690,2,0,189,0,0
2021-10,690,2,1,440,0,0
2021-10,700,1,0,1611,0,0
2021-10,700,1,1,11017,8,0
2021-10,700,2,0,236,0,0
2021-10,700,2,1,1390,0,0
2021-10,710,1,0,1468,0,0
2021-10,710,1,1,9543,1,0
2021-10,710,2,0,236,0,0
2021-10,710,2,1,1271,0,0
2021-10,720,1,0,2127,0,0
2021-10,720,1,1,14654,3,0
2021-10,720,2,0,265,0,0
2021-10,720,2,1,1810,0,0
2021-10,730,1,0,2115,0,0
2021-10,730,1,1,12926,5,0
2021-10,730,2,0,275,0,0
2021-10,730,2,1,1662,0,0
2021-10,740,1,0,2494,0,0
2021-10,740,1,1,15812,3,0
2021-10,740,2,0,378,0,0
2021-10,740,2,1,1575,1,0
2021-10,750,1,0,2398,0,0
2021-10,750,1,1,14618,5,0
2021-10,750,2,0,359,0,0
2021-10,750,2,1,1482,0,0
2021-10,760,1,0,2218,0,0
2021-10,760,1,1,12780,0,0
2021-10,760,2,0,317,0,0
2021-10,760,2,1,1292,1,0
2021-10,770,1,0,2209,1,0
2021-10,770,1,1,12727,1,0
2021-10,770,2,0,297,0,0
2021-10,770,2,1,1209,0,0
2021-10,780,1,0,2089,0,0
2021-10,780,1,1,12827,1,0
2021-10,780,2,0,323,0,0
2021-10,780,2,1,1232,0,0
2021-10,790,1,0,2139,1,0
2021-10,790,1,1,12267,2,0
2021-10,790,2,0,280,0,0
2021-10,790,2,1,1091,0,0
2021-10,800,1,0,2232,0,0
2021-10,800,1,1,13090,1,0
2021-10,800,2,0,292,0,0
2021-10,800,2,1,1179,0,0
2021-10,810,1,0,2159,1,0
2021-10,810,1,1,12727,0,0
2021-10,810,2,0,296,0,0
2021-10,810,2,1,1109,0,0
2021-10,820,1,0,2316,0,0
2021-10,820,1,1,13025,0,0
2021-10,820,2,0,293,0,0
2021-10,820,2,1,1105,0,0
2021-10,830,1,0,2221,0,0
2021-10,830,1,1,12963,0,0
2021-10,830,2,0,283,0,0
2021-10,830,2,1,1011,0,0
2021-10,840,1,0,2216,0,0
2021-10,840,1,1,12107,0,0
2021-10,840,2,0,292,0,0
2021-10,840,2,1,1024,0,0
2021-10,850,1,0,2265,0,0
2021-10,850,1,1,12411,1,0
2021-10,850,2,0,258,0,0
2021-10,850,2,1,1024,0,0
2021-10,860,1,0,1729,0,0
2021-10,860,1,1,9839,1,0
2021-10,860,2,0,234,0,0
2021-10,860,2,1,764,0,0
2021-10,870,1,0,1335,0,0
2021-10,870,1,1,7279,0,0
2021-10,870,2,0,152,0,0
2021-10,870,2,1,526,0,0
2021-10,880,1,0,663,0,0
2021-10,880,1,1,3459,0,0
2021-10,880,2,0,82,0,0
2021-10,880,2,1,245,0,0
2021-10,890,1,0,286,0,0
2021-10,890,1,1,1303,0,0
2021-10,890,2,0,33,0,0
2021-10,890,2,1,94,0,0
2021-11,660,1,1,5320,1,0
2021-11,660,2,1,516,1,0
2021-11,670,1,1,5327,5,0
2021-11,670,2,1,507,0,0
2021-11,680,1,1,7447,1,0
2021-11,680,2,1,588,0,0
2021-11,690,1,1,7363,1,0
2021-11,690,2,1,606,0,0
2021-11,700,1,1,12269,7,0
2021-11,700,2,1,1571,0,0
2021-11,710,1,1,10678,3,0
2021-11,710,2,1,1449,0,0
2021-11,720,1,1,16350,7,0
2021-11,720,2,1,2011,1,0
2021-11,730,1,1,14657,5,0
2021-11,730,2,1,1871,0,0
2021-11,740,1,1,17801,6,0
2021-11,740,2,1,1882,0,0
2021-11,750,1,1,16576,3,0
2021-11,750,2,1,1791,1,0
2021-11,760,1,1,14618,5,0
2021-11,760,2,1,1547,0,0
2021-11,770,1,1,14531,2,0
2021-11,770,2,1,1456,0,0
2021-11,780,1,1,14498,3,0
2021-11,780,2,1,1499,0,0
2021-11,790,1,1,13999,2,0
2021-11,790,2,1,1319,0,0
2021-11,800,1,1,14923,0,0
2021-11,800,2,1,1416,1,0
2021-11,810,1,1,14483,1,0
2021-11,810,2,1,1354,0,0
2021-11,820,1,1,14917,0,0
2021-11,820,2,1,1348,0,0
2021-11,830,1,1,14803,1,0
2021-11,830,2,1,1237,0,0
2021-11,840,1,1,13940,0,0
2021-11,840,2,1,1261,0,0
2021-11,850,1,1,14273,0,0
2021-11,850,2,1,1231,0,0
2021-11,860,1,1,11289,0,0
2021-11,860,2,1,962,0,0
2021-11,870,1,1,8421,0,0
2021-11,870,2,1,648,0,0
2021-11,880,1,1,4030,0,0
2021-11,880,2,1,319,0,0
2021-11,890,1,1,1556,0,0
2021-11,890,2,1,123,0,0
2021-12,660,1,1,5123,9,0
2021-12,660,2,1,500,0,0
2021-12,670,1,1,5103,6,0
2021-12,670,2,1,488,0,0
2021-12,680,1,1,7247,2,0
2021-12,680,2,1,548,0,0
2021-12,690,1,1,7147,1,0
2021-12,690,2,1,581,0,0
2021-12,700,1,1,11896,5,0
2021-12,700,2,1,1489,0,0
2021-12,710,1,1,10328,6,0
2021-12,710,2,1,1397,1,0
2021-12,720,1,1,15911,5,0
2021-12,720,2,1,1951,0,0
2021-12,730,1,1,14255,5,0
2021-12,730,2,1,1823,1,0
2021-12,740,1,1,17330,7,0
2021-12,740,2,1,1824,0,0
2021-12,750,1,1,16122,2,0
2021-12,750,2,1,1726,1,0
2021-12,760,1,1,14232,3,0
2021-12,760,2,1,1478,0,0
2021-12,770,1,1,14140,2,0
2021-12,770,2,1,1403,0,0
2021-12,780,1,1,14069,4,0
2021-12,780,2,1,1440,0,0
2021-12,790,1,1,13641,2,0
2021-12,790,2,1,1278,0,0
2021-12,800,1,1,14550,1,0
2021-12,800,2,1,1373,0,0
2021-12,810,1,1,14102,1,0
2021-12,810,2,1,1311,0,0
2021-12,820,1,1,14503,0,0
2021-12,820,2,1,1290,0,0
2021-12,830,1,1,14396,2,0
2021-12,830,2,1,1189,0,0
2021-12,840,1,1,13538,1,0
2021-12,840,2,1,1217,0,0
2021-12,850,1,1,13897,2,0
2021-12,850,2,1,1178,0,0
2021-12,860,1,1,10980,1,0
2021-12,860,2,1,920,0,0
2021-12,870,1,1,8180,0,0
2021-12,870,2,1,624,0,0
2021-12,880,1,1,3929,0,0
2021-12,880,2,1,306,0,0
2021-12,890,1,1,1525,0,0
2021-12,890,2,1,117,0,0
2022-01,660,1,1,4925,3,0
2022-01,660,2,1,485,0,0
2022-01,670,1,1,4885,0,0
2022-01,670,2,1,457,0,0
2022-01,680,1,1,7027,7,0
2022-01,680,2,1,524,0,0
2022-01,690,1,1,6916,5,0
2022-01,690,2,1,551,0,0
2022-01,700,1,1,11510,3,0
2022-01,700,2,1,1434,0,0
2022-01,710,1,1,10006,10,0
2022-01,710,2,1,1344,0,0
2022-01,720,1,1,15471,8,0
2022-01,720,2,1,1877,1,0
2022-01,730,1,1,13869,8,0
2022-01,730,2,1,1756,0,0
2022-01,740,1,1,16809,6,0
2022-01,740,2,1,1748,0,0
2022-01,750,1,1,15651,3,0
2022-01,750,2,1,1647,2,0
2022-01,760,1,1,13817,0,0
2022-01,760,2,1,1412,1,0
2022-01,770,1,1,13683,1,0
2022-01,770,2,1,1340,1,0
2022-01,780,1,1,13626,1,0
2022-01,780,2,1,1376,0,0
2022-01,790,1,1,13252,1,0
2022-01,790,2,1,1216,0,0
2022-01,800,1,1,14083,1,0
2022-01,800,2,1,1327,0,0
2022-01,810,1,1,13656,0,0
2022-01,810,2,1,1254,0,0
2022-01,820,1,1,14015,0,0
2022-01,820,2,1,1229,0,0
2022-01,830,1,1,13959,0,0
2022-01,830,2,1,1146,0,0
2022-01,840,1,1,13102,1,0
2022-01,840,2,1,1163,0,0
2022-01,850,1,1,13439,1,0
2022-01,850,2,1,1121,0,0
2022-01,860,1,1,10630,0,0
2022-01,860,2,1,883,0,0
2022-01,870,1,1,7924,1,0
2022-01,870,2,1,587,0,0
2022-01,880,1,1,3820,0,0
2022-01,880,2,1,294,0,0
2022-01,890,1,1,1492,0,0
2022-01,890,2,1,110,0,0
2022-02,660,1,1,4617,4,0
2022-02,660,2,1,447,0,0
2022-02,670,1,1,4588,3,0
2022-02,670,2,1,421,0,0
2022-02,680,1,1,6390,3,0
2022-02,680,2,1,480,0,0
2022-02,690,1,1,6325,5,0
2022-02,690,2,1,508,0,0
2022-02,700,1,1,10477,6,0
2022-02,700,2,1,1360,0,0
2022-02,710,1,1,9086,9,0
2022-02,710,2,1,1264,1,0
2022-02,720,1,1,14087,3,0
2022-02,720,2,1,1772,0,0
2022-02,730,1,1,12617,6,0
2022-02,730,2,1,1663,0,0
2022-02,740,1,1,15128,5,0
2022-02,740,2,1,1595,0,0
2022-02,750,1,1,14147,2,0
2022-02,750,2,1,1509,0,0
2022-02,760,1,1,12626,5,0
2022-02,760,2,1,1276,0,0
2022-02,770,1,1,12336,2,0
2022-02,770,2,1,1221,0,0
2022-02,780,1,1,12280,1,0
2022-02,780,2,1,1245,0,0
2022-02,790,1,1,12010,0,0
2022-02,790,2,1,1133,0,0
2022-02,800,1,1,12757,2,0
2022-02,800,2,1,1230,0,0
2022-02,810,1,1,12436,1,0
2022-02,810,2,1,1161,0,0
2022-02,820,1,1,12793,0,0
2022-02,820,2,1,1147,0,0
2022-02,830,1,1,12731,1,0
2022-02,830,2,1,1077,0,0
2022-02,840,1,1,11943,2,0
2022-02,840,2,1,1074,0,0
2022-02,850,1,1,12339,1,0
2022-02,850,2,1,1045,0,0
2022-02,860,1,1,9783,0,0
2022-02,860,2,1,830,0,0
2022-02,870,1,1,7298,0,0
2022-02,870,2,1,543,0,0
2022-02,880,1,1,3557,0,0
2022-02,880,2,1,277,0,0
2022-02,890,1,1,1406,0,0
2022-02,890,2,1,104,0,0
2022-03,660,1,0,683,0,0
2022-03,660,1,1,4495,5,0
2022-03,660,2,0,16,0,0
2022-03,660,2,1,429,0,0
2022-03,670,1,0,879,0,0
2022-03,670,1,1,4432,5,0
2022-03,670,2,0,13,0,0
2022-03,670,2,1,406,0,0
2022-03,680,1,0,456,0,0
2022-03,680,1,1,6193,1,0
2022-03,680,2,0,116,0,0
2022-03,680,2,1,460,1,0
2022-03,690,1,0,612,1,0
2022-03,690,1,1,6115,4,0
2022-03,690,2,0,152,0,0
2022-03,690,2,1,493,0,0
2022-03,700,1,0,1595,0,0
2022-03,700,1,1,10216,7,0
2022-03,700,2,0,171,0,0
2022-03,700,2,1,1309,0,0
2022-03,710,1,0,1594,0,0
2022-03,710,1,1,8876,4,0
2022-03,710,2,0,168,0,0
2022-03,710,2,1,1224,0,0
2022-03,720,1,0,2306,0,0
2022-03,720,1,1,13756,3,0
2022-03,720,2,0,218,0,0
2022-03,720,2,1,1720,0,0
2022-03,730,1,0,2272,0,0
2022-03,730,1,1,12327,3,0
2022-03,730,2,0,253,0,0
2022-03,730,2,1,1618,1,0
2022-03,740,1,0,2451,1,0
2022-03,740,1,1,14719,6,0
2022-03,740,2,0,477,0,0
2022-03,740,2,1,1538,1,0
2022-03,750,1,0,2541,0,0
2022-03,750,1,1,13777,1,0
2022-03,750,2,0,444,1,0
2022-03,750,2,1,1448,0,0
2022-03,760,1,0,2419,0,0
2022-03,760,1,1,12342,7,0
2022-03,760,2,0,430,0,0
2022-03,760,2,1,1228,0,0
2022-03,770,1,0,2420,0,0
2022-03,770,1,1,12045,2,0
2022-03,770,2,0,396,0,0
2022-03,770,2,1,1185,0,0
2022-03,780,1,0,2602,0,0
2022-03,780,1,1,11985,3,0
2022-03,780,2,0,372,0,0
2022-03,780,2,1,1213,0,0
2022-03,790,1,0,2627,0,0
2022-03,790,1,1,11717,0,0
2022-03,790,2,0,380,0,0
2022-03,790,2,1,1091,0,0
2022-03,800,1,0,2575,0,0
2022-03,800,1,1,12473,1,0
2022-03,800,2,0,384,0,0
2022-03,800,2,1,1198,0,0
2022-03,810,1,0,2661,0,0
2022-03,810,1,1,12132,1,0
2022-03,810,2,0,365,0,0
2022-03,810,2,1,1126,0,0
2022-03,820,1,0,2676,1,0
2022-03,820,1,1,12449,0,0
2022-03,820,2,0,360,0,0
2022-03,820,2,1,1099,0,0
2022-03,830,1,0,2595,1,0
2022-03,830,1,1,12397,0,0
2022-03,830,2,0,364,0,0
2022-03,830,2,1,1033,0,0
2022-03,840,1,0,2472,0,0
2022-03,840,1,1,11625,0,0
2022-03,840,2,0,301,0,0
2022-03,840,2,1,1038,0,0
2022-03,850,1,0,2359,0,0
2022-03,850,1,1,12033,0,0
2022-03,850,2,0,335,0,0
2022-03,850,2,1,1009,0,0
2022-03,860,1,0,1804,0,0
2022-03,860,1,1,9575,1,0
2022-03,860,2,0,247,0,0
2022-03,860,2,1,795,0,0
2022-03,870,1,0,1303,0,0
2022-03,870,1,1,7120,0,0
2022-03,870,2,0,157,0,0
2022-03,870,2,1,527,0,0
2022-03,880,1,0,625,0,0
2022-03,880,1,1,3472,1,0
2022-03,880,2,0,72,0,0
2022-03,880,2,1,270,0,0
2022-03,890,1,0,240,0,0
2022-03,890,1,1,1382,0,0
2022-03,890,2,0,42,0,0
2022-03,890,2,1,97,0,0
2022-04,660,1,0,673,1,0
2022-04,660,1,1,4327,1,0
2022-04,660,2,0,16,0,0
2022-04,660,2,1,410,0,0
2022-04,670,1,0,865,0,0
2022-04,670,1,1,4263,4,0
2022-04,670,2,0,13,0,0
2022-04,670,2,1,387,2,0
2022-04,680,1,0,448,0,0
2022-04,680,1,1,5956,3,0
2022-04,680,2,0,114,0,0
2022-04,680,2,1,440,0,0
2022-04,690,1,0,607,0,0
2022-04,690,1,1,5916,4,0
2022-04,690,2,0,149,0,0
2022-04,690,2,1,476,0,0
2022-04,700,1,0,1575,0,0
2022-04,700,1,1,9887,3,0
2022-04,700,2,0,167,0,0
2022-04,700,2,1,1272,1,0
2022-04,710,1,0,1575,0,0
2022-04,710,1,1,8626,4,0
2022-04,710,2,0,164,0,0
2022-04,710,2,1,1173,1,0
2022-04,720,1,0,2270,1,0
2022-04,720,1,1,13392,2,0
2022-04,720,2,0,215,0,0
2022-04,720,2,1,1657,0,0
2022-04,730,1,0,2242,0,0
2022-04,730,1,1,11982,7,0
2022-04,730,2,0,249,0,0
2022-04,730,2,1,1555,0,0
2022-04,740,1,0,2420,1,0
2022-04,740,1,1,14279,5,0
2022-04,740,2,0,465,0,0
2022-04,740,2,1,1459,0,0
2022-04,750,1,0,2510,0,0
2022-04,750,1,1,13345,4,0
2022-04,750,2,0,430,0,0
2022-04,750,2,1,1374,0,0
2022-04,760,1,0,2390,0,0
2022-04,760,1,1,11944,3,0
2022-04,760,2,0,415,0,0
2022-04,760,2,1,1182,1,0
2022-04,770,1,0,2379,1,0
2022-04,770,1,1,11693,1,0
2022-04,770,2,0,391,0,0
2022-04,770,2,1,1137,0,0
2022-04,780,1,0,2564,0,0
2022-04,780,1,1,11616,1,0
2022-04,780,2,0,365,0,0
2022-04,780,2,1,1160,0,0
2022-04,790,1,0,2596,0,0
2022-04,790,1,1,11349,1,0
2022-04,790,2,0,374,0,0
2022-04,790,2,1,1036,0,0
2022-04,800,1,0,2537,1,0
2022-04,800,1,1,12068,1,0
2022-04,800,2,0,376,0,0
2022-04,800,2,1,1136,0,0
2022-04,810,1,0,2623,1,0
2022-04,810,1,1,11764,0,0
2022-04,810,2,0,356,0,0
2022-04,810,2,1,1075,0,0
2022-04,820,1,0,2648,0,0
2022-04,820,1,1,12029,1,0
2022-04,820,2,0,352,0,0
2022-04,820,2,1,1039,0,0
2022-04,830,1,0,2555,2,0
2022-04,830,1,1,12009,1,0
2022-04,830,2,0,359,0,0
2022-04,830,2,1,977,0,0
2022-04,840,1,0,2436,0,0
2022-04,840,1,1,11284,1,0
2022-04,840,2,0,296,0,0
2022-04,840,2,1,977,0,0
2022-04,850,1,0,2331,0,0
2022-04,850,1,1,11656,1,0
2022-04,850,2,0,328,0,0
2022-04,850,2,1,953,0,0
2022-04,860,1,0,1780,0,0
2022-04,860,1,1,9288,0,0
2022-04,860,2,0,244,0,0
2022-04,860,2,1,764,0,0
2022-04,870,1,0,1292,0,0
2022-04,870,1,1,6888,0,0
2022-04,870,2,0,153,0,0
2022-04,870,2,1,501,0,0
2022-04,880,1,0,622,0,0
2022-04,880,1,1,3374,0,0
2022-04,880,2,0,70,0,0
2022-04,880,2,1,257,0,0
2022-04,890,1,0,240,0,0
2022-04,890,1,1,1350,0,0
2022-04,890,2,0,42,0,0
2022-04,890,2,1,93,0,0
2022-05,660,1,0,658,0,0
2022-05,660,1,1,4044,4,0
2022-05,660,2,0,16,0,0
2022-05,660,2,1,325,1,0
2022-05,670,1,0,850,1,0
2022-05,670,1,1,3955,2,0
2022-05,670,2,0,13,0,0
2022-05,670,2,1,324,0,0
2022-05,680,1,0,435,0,0
2022-05,680,1,1,5462,4,0
2022-05,680,2,0,111,0,0
2022-05,680,2,1,374,0,0
2022-05,690,1,0,598,0,0
2022-05,690,1,1,5428,3,0
2022-05,690,2,0,148,0,0
2022-05,690,2,1,409,0,0
2022-05,700,1,0,1557,0,0
2022-05,700,1,1,8835,5,0
2022-05,700,2,0,160,0,0
2022-05,700,2,1,1167,0,0
2022-05,710,1,0,1551,0,0
2022-05,710,1,1,7747,3,0
2022-05,710,2,0,161,0,0
2022-05,710,2,1,1106,0,0
2022-05,720,1,0,2238,0,0
2022-05,720,1,1,12087,3,0
2022-05,720,2,0,213,0,0
2022-05,720,2,1,1541,1,0
2022-05,730,1,0,2215,1,0
2022-05,730,1,1,10854,7,0
2022-05,730,2,0,243,0,0
2022-05,730,2,1,1456,0,0
2022-05,740,1,0,2389,0,0
2022-05,740,1,1,13152,1,0
2022-05,740,2,0,458,0,0
2022-05,740,2,1,1303,0,0
2022-05,750,1,0,2466,0,0
2022-05,750,1,1,12372,3,0
2022-05,750,2,0,417,0,0
2022-05,750,2,1,1248,0,0
2022-05,760,1,0,2353,0,0
2022-05,760,1,1,11035,0,0
2022-05,760,2,0,412,0,0
2022-05,760,2,1,1083,0,0
2022-05,770,1,0,2340,1,0
2022-05,770,1,1,10765,2,0
2022-05,770,2,0,389,0,0
2022-05,770,2,1,1045,0,0
2022-05,780,1,0,2530,0,0
2022-05,780,1,1,10749,1,0
2022-05,780,2,0,360,0,0
2022-05,780,2,1,1070,0,0
2022-05,790,1,0,2568,0,0
2022-05,790,1,1,10501,1,0
2022-05,790,2,0,365,0,0
2022-05,790,2,1,948,0,0
2022-05,800,1,0,2497,0,0
2022-05,800,1,1,11141,0,0
2022-05,800,2,0,368,0,0
2022-05,800,2,1,1034,0,0
2022-05,810,1,0,2597,0,0
2022-05,810,1,1,10872,2,0
2022-05,810,2,0,348,0,0
2022-05,810,2,1,980,0,0
2022-05,820,1,0,2622,0,0
2022-05,820,1,1,11073,1,0
2022-05,820,2,0,350,0,0
2022-05,820,2,1,953,0,0
2022-05,830,1,0,2514,0,0
2022-05,830,1,1,11104,0,0
2022-05,830,2,0,353,0,0
2022-05,830,2,1,913,0,0
2022-05,840,1,0,2418,0,0
2022-05,840,1,1,10416,0,0
2022-05,840,2,0,287,0,0
2022-05,840,2,1,891,0,0
2022-05,850,1,0,2313,0,0
2022-05,850,1,1,10800,1,0
2022-05,850,2,0,323,0,0
2022-05,850,2,1,883,0,0
2022-05,860,1,0,1768,0,0
2022-05,860,1,1,8598,0,0
2022-05,860,2,0,243,0,0
2022-05,860,2,1,692,0,0
2022-05,870,1,0,1280,0,0
2022-05,870,1,1,6418,0,0
2022-05,870,2,0,151,0,0
2022-05,870,2,1,466,0,0
2022-05,880,1,0,614,0,0
2022-05,880,1,1,3156,0,0
2022-05,880,2,0,67,0,0
2022-05,880,2,1,240,0,0
2022-05,890,1,0,237,0,0
2022-05,890,1,1,1288,0,0
2022-05,890,2,0,42,0,0
2022-05,890,2,1,90,0,0
2022-06,660,1,0,643,0,0
2022-06,660,1,1,3914,5,0
2022-06,660,2,0,16,0,0
2022-06,660,2,1,307,0,0
2022-06,670,1,0,833,0,0
2022-06,670,1,1,3807,2,0
2022-06,670,2,0,13,0,0
2022-06,670,2,1,315,0,0
2022-06,680,1,0,422,0,0
2022-06,680,1,1,5271,4,0
2022-06,680,2,0,108,0,0
2022-06,680,2,1,358,0,0
2022-06,690,1,0,590,0,0
2022-06,690,1,1,5232,2,0
2022-06,690,2,0,145,0,0
2022-06,690,2,1,400,0,0
2022-06,700,1,0,1534,0,0
2022-06,700,1,1,8589,7,0
2022-06,700,2,0,154,0,0
2022-06,700,2,1,1133,0,0
2022-06,710,1,0,1539,0,0
2022-06,710,1,1,7512,5,0
2022-06,710,2,0,157,0,0
2022-06,710,2,1,1068,0,0
2022-06,720,1,0,2200,0,0
2022-06,720,1,1,11756,1,0
2022-06,720,2,0,210,0,0
2022-06,720,2,1,1491,0,0
2022-06,730,1,0,2183,0,0
2022-06,730,1,1,10580,5,0
2022-06,730,2,0,242,0,0
2022-06,730,2,1,1409,0,0
2022-06,740,1,0,2338,0,0
2022-06,740,1,1,12815,6,0
2022-06,740,2,0,453,0,0
2022-06,740,2,1,1243,0,0
2022-06,750,1,0,2427,0,0
2022-06,750,1,1,12069,1,0
2022-06,750,2,0,407,0,0
2022-06,750,2,1,1209,0,0
2022-06,760,1,0,2314,1,0
2022-06,760,1,1,10756,0,0
2022-06,760,2,0,406,0,0
2022-06,760,2,1,1036,0,0
2022-06,770,1,0,2301,0,0
2022-06,770,1,1,10488,3,0
2022-06,770,2,0,380,0,0
2022-06,770,2,1,1006,1,0
2022-06,780,1,0,2504,1,0
2022-06,780,1,1,10408,1,0
2022-06,780,2,0,353,0,0
2022-06,780,2,1,1019,0,0
2022-06,790,1,0,2527,0,0
2022-06,790,1,1,10205,2,0
2022-06,790,2,0,359,0,0
2022-06,790,2,1,914,0,0
2022-06,800,1,0,2453,0,0
2022-06,800,1,1,10812,3,0
2022-06,800,2,0,362,0,0
2022-06,800,2,1,986,0,0
2022-06,810,1,0,2555,1,0
2022-06,810,1,1,10561,0,0
2022-06,810,2,0,342,0,0
2022-06,810,2,1,941,0,0
2022-06,820,1,0,2593,0,0
2022-06,820,1,1,10728,2,0
2022-06,820,2,0,342,0,0
2022-06,820,2,1,904,0,0
2022-06,830,1,0,2477,1,0
2022-06,830,1,1,10806,0,0
2022-06,830,2,0,344,0,0
2022-06,830,2,1,884,0,0
2022-06,840,1,0,2387,0,0
2022-06,840,1,1,10126,1,0
2022-06,840,2,0,283,0,0
2022-06,840,2,1,847,0,0
2022-06,850,1,0,2288,0,0
2022-06,850,1,1,10488,0,0
2022-06,850,2,0,317,0,0
2022-06,850,2,1,851,0,0
2022-06,860,1,0,1754,0,0
2022-06,860,1,1,8356,0,0
2022-06,860,2,0,242,0,0
2022-06,860,2,1,659,0,0
2022-06,870,1,0,1271,0,0
2022-06,870,1,1,6255,1,0
2022-06,870,2,0,149,0,0
2022-06,870,2,1,449,0,0
2022-06,880,1,0,610,0,0
2022-06,880,1,1,3055,0,0
2022-06,880,2,0,67,0,0
2022-06,880,2,1,225,0,0
2022-06,890,1,0,235,0,0
2022-06,890,1,1,1254,0,0
2022-06,890,2,0,41,0,0
2022-06,890,2,1,88,0,0
2022-07,660,1,1,4429,3,0
2022-07,660,2,1,317,0,0
2022-07,670,1,1,4510,2,0
2022-07,670,2,1,316,0,0
2022-07,680,1,1,5493,2,0
2022-07,680,2,1,450,0,0
2022-07,690,1,1,5658,2,0
2022-07,690,2,1,533,1,0
2022-07,700,1,1,9875,5,0
2022-07,700,2,1,1251,0,0
2022-07,710,1,1,8822,3,0
2022-07,710,2,1,1185,1,0
2022-07,720,1,1,13635,5,0
2022-07,720,2,1,1657,0,0
2022-07,730,1,1,12489,3,0
2022-07,730,2,1,1600,0,0
2022-07,740,1,1,14773,4,0
2022-07,740,2,1,1641,0,0
2022-07,750,1,1,14132,2,0
2022-07,750,2,1,1562,0,0
2022-07,760,1,1,12747,4,0
2022-07,760,2,1,1390,1,0
2022-07,770,1,1,12485,1,0
2022-07,770,2,1,1324,0,0
2022-07,780,1,1,12574,2,0
2022-07,780,2,1,1311,0,0
2022-07,790,1,1,12416,0,0
2022-07,790,2,1,1228,0,0
2022-07,800,1,1,12942,0,0
2022-07,800,2,1,1299,0,0
2022-07,810,1,1,12740,1,0
2022-07,810,2,1,1228,1,0
2022-07,820,1,1,12923,1,0
2022-07,820,2,1,1205,0,0
2022-07,830,1,1,12915,0,0
2022-07,830,2,1,1184,0,0
2022-07,840,1,1,12176,2,0
2022-07,840,2,1,1089,0,0
2022-07,850,1,1,12438,0,0
2022-07,850,2,1,1115,0,0
2022-07,860,1,1,9866,0,0
2022-07,860,2,1,874,0,0
2022-07,870,1,1,7306,0,0
2022-07,870,2,1,579,0,0
2022-07,880,1,1,3579,0,0
2022-07,880,2,1,281,0,0
2022-07,890,1,1,1458,0,0
2022-07,890,2,1,125,0,0
2022-08,660,1,1,4295,2,0
2022-08,660,2,1,304,1,0
2022-08,670,1,1,4395,1,0
2022-08,670,2,1,305,0,0
2022-08,680,1,1,5357,3,0
2022-08,680,2,1,436,0,0
2022-08,690,1,1,5499,5,0
2022-08,690,2,1,513,0,0
2022-08,700,1,1,9640,5,0
2022-08,700,2,1,1222,0,0
2022-08,710,1,1,8620,5,0
2022-08,710,2,1,1132,0,0
2022-08,720,1,1,13295,0,0
2022-08,720,2,1,1606,0,0
2022-08,730,1,1,12252,2,0
2022-08,730,2,1,1549,1,0
2022-08,740,1,1,14402,6,0
2022-08,740,2,1,1596,0,0
2022-08,750,1,1,13750,4,0
2022-08,750,2,1,1518,0,0
2022-08,760,1,1,12402,0,0
2022-08,760,2,1,1337,0,0
2022-08,770,1,1,12163,2,0
2022-08,770,2,1,1288,0,0
2022-08,780,1,1,12222,4,0
2022-08,780,2,1,1275,0,0
2022-08,790,1,1,12109,0,0
2022-08,790,2,1,1194,0,0
2022-08,800,1,1,12609,0,0
2022-08,800,2,1,1249,0,0
2022-08,810,1,1,12390,3,0
2022-08,810,2,1,1191,0,0
2022-08,820,1,1,12547,1,0
2022-08,820,2,1,1165,0,0
2022-08,830,1,1,12575,0,0
2022-08,830,2,1,1148,0,0
2022-08,840,1,1,11832,0,0
2022-08,840,2,1,1046,0,0
2022-08,850,1,1,12108,0,0
2022-08,850,2,1,1087,0,0
2022-08,860,1,1,9603,0,0
2022-08,860,2,1,832,0,0
2022-08,870,1,1,7094,0,0
2022-08,870,2,1,554,0,0
2022-08,880,1,1,3507,0,0
2022-08,880,2,1,275,0,0
2022-08,890,1,1,1420,0,0
2022-08,890,2,1,119,0,0
2022-09,660,1,0,598,0,0
2022-09,660,1,1,4153,3,0
2022-09,660,2,0,71,0,0
2022-09,660,2,1,285,0,0
2022-09,670,1,0,709,0,0
2022-09,670,1,1,4279,4,0
2022-09,670,2,0,96,0,0
2022-09,670,2,1,292,0,0
2022-09,680,1,0,1086,0,0
2022-09,680,1,1,5177,3,0
2022-09,680,2,0,170,0,0
2022-09,680,2,1,423,0,0
2022-09,690,1,0,1305,0,0
2022-09,690,1,1,5317,2,0
2022-09,690,2,0,199,0,0
2022-09,690,2,1,490,1,0
2022-09,700,1,0,2562,0,0
2022-09,700,1,1,9345,7,0
2022-09,700,2,0,191,0,0
2022-09,700,2,1,1187,1,0
2022-09,710,1,0,2675,1,0
2022-09,710,1,1,8324,3,0
2022-09,710,2,0,205,0,0
2022-09,710,2,1,1100,0,0
2022-09,720,1,0,2519,0,0
2022-09,720,1,1,12975,4,0
2022-09,720,2,0,228,0,0
2022-09,720,2,1,1543,0,0
2022-09,730,1,0,2609,0,0
2022-09,730,1,1,11957,3,0
2022-09,730,2,0,260,0,0
2022-09,730,2,1,1492,0,0
2022-09,740,1,0,3348,0,0
2022-09,740,1,1,13894,3,0
2022-09,740,2,0,493,0,0
2022-09,740,2,1,1540,2,0
2022-09,750,1,0,3154,1,0
2022-09,750,1,1,13299,3,0
2022-09,750,2,0,468,0,0
2022-09,750,2,1,1464,0,0
2022-09,760,1,0,3039,0,0
2022-09,760,1,1,11969,5,0
2022-09,760,2,0,412,0,0
2022-09,760,2,1,1286,0,0
2022-09,770,1,0,3164,0,0
2022-09,770,1,1,11740,2,0
2022-09,770,2,0,383,0,0
2022-09,770,2,1,1255,0,0
2022-09,780,1,0,3222,0,0
2022-09,780,1,1,11789,4,0
2022-09,780,2,0,431,0,0
2022-09,780,2,1,1215,0,0
2022-09,790,1,0,3231,0,0
2022-09,790,1,1,11718,2,0
2022-09,790,2,0,383,0,0
2022-09,790,2,1,1141,0,0
2022-09,800,1,0,3550,0,0
2022-09,800,1,1,12152,1,0
2022-09,800,2,0,375,0,0
2022-09,800,2,1,1193,0,0
2022-09,810,1,0,3503,0,0
2022-09,810,1,1,11923,1,0
2022-09,810,2,0,373,0,0
2022-09,810,2,1,1148,0,0
2022-09,820,1,0,3458,0,0
2022-09,820,1,1,12061,1,0
2022-09,820,2,0,397,0,0
2022-09,820,2,1,1121,0,0
2022-09,830,1,0,3428,0,0
2022-09,830,1,1,12134,0,0
2022-09,830,2,0,379,0,0
2022-09,830,2,1,1098,0,0
2022-09,840,1,0,3145,0,0
2022-09,840,1,1,11418,0,0
2022-09,840,2,0,344,0,0
2022-09,840,2,1,1002,0,0
2022-09,850,1,0,2943,0,0
2022-09,850,1,1,11647,0,0
2022-09,850,2,0,335,0,0
2022-09,850,2,1,1025,0,0
2022-09,860,1,0,2209,0,0
2022-09,860,1,1,9266,0,0
2022-09,860,2,0,254,0,0
2022-09,860,2,1,799,0,0
2022-09,870,1,0,1640,0,0
2022-09,870,1,1,6850,0,0
2022-09,870,2,0,172,0,0
2022-09,870,2,1,536,0,0
2022-09,880,1,0,750,0,0
2022-09,880,1,1,3394,0,0
2022-09,880,2,0,111,0,0
2022-09,880,2,1,267,0,0
2022-09,890,1,0,292,0,0
2022-09,890,1,1,1368,0,0
2022-09,890,2,0,41,0,0
2022-09,890,2,1,112,0,0
2022-10,660,1,0,584,0,0
2022-10,660,1,1,4029,6,0
2022-10,660,2,0,71,0,0
2022-10,660,2,1,272,0,0
2022-10,670,1,0,700,0,0
2022-10,670,1,1,4142,2,0
2022-10,670,2,0,94,0,0
2022-10,670,2,1,279,0,0
2022-10,680,1,0,1075,0,0
2022-10,680,1,1,4990,0,0
2022-10,680,2,0,168,0,0
2022-10,680,2,1,413,0,0
2022-10,690,1,0,1290,1,0
2022-10,690,1,1,5112,2,0
2022-10,690,2,0,199,0,0
2022-10,690,2,1,462,0,0
2022-10,700,1,0,2535,0,0
2022-10,700,1,1,9069,5,0
2022-10,700,2,0,189,0,0
2022-10,700,2,1,1149,0,0
2022-10,710,1,0,2637,0,0
2022-10,710,1,1,8062,4,0
2022-10,710,2,0,200,0,0
2022-10,710,2,1,1055,0,0
2022-10,720,1,0,2493,0,0
2022-10,720,1,1,12648,3,0
2022-10,720,2,0,226,0,0
2022-10,720,2,1,1492,0,0
2022-10,730,1,0,2580,0,0
2022-10,730,1,1,11648,2,0
2022-10,730,2,0,258,0,0
2022-10,730,2,1,1452,0,0
2022-10,740,1,0,3304,0,0
2022-10,740,1,1,13453,3,0
2022-10,740,2,0,486,0,0
2022-10,740,2,1,1474,0,0
2022-10,750,1,0,3108,1,0
2022-10,750,1,1,12846,2,0
2022-10,750,2,0,463,0,0
2022-10,750,2,1,1405,0,0
2022-10,760,1,0,3007,0,0
2022-10,760,1,1,11548,0,0
2022-10,760,2,0,407,0,0
2022-10,760,2,1,1237,1,0
2022-10,770,1,0,3123,1,0
2022-10,770,1,1,11336,1,0
2022-10,770,2,0,375,0,0
2022-10,770,2,1,1202,0,0
2022-10,780,1,0,3167,0,0
2022-10,780,1,1,11412,3,0
2022-10,780,2,0,425,0,0
2022-10,780,2,1,1153,0,0
2022-10,790,1,0,3193,0,0
2022-10,790,1,1,11324,2,0
2022-10,790,2,0,381,0,0
2022-10,790,2,1,1096,0,0
2022-10,800,1,0,3505,0,0
2022-10,800,1,1,11730,0,0
2022-10,800,2,0,370,0,0
2022-10,800,2,1,1130,0,0
2022-10,810,1,0,3460,0,0
2022-10,810,1,1,11489,1,0
2022-10,810,2,0,369,0,0
2022-10,810,2,1,1082,0,0
2022-10,820,1,0,3426,0,0
2022-10,820,1,1,11596,0,0
2022-10,820,2,0,394,0,0
2022-10,820,2,1,1072,0,0
2022-10,830,1,0,3398,0,0
2022-10,830,1,1,11674,0,0
2022-10,830,2,0,377,0,0
2022-10,830,2,1,1059,0,0
2022-10,840,1,0,3111,0,0
2022-10,840,1,1,10995,0,0
2022-10,840,2,0,340,0,0
2022-10,840,2,1,960,0,0
2022-10,850,1,0,2912,0,0
2022-10,850,1,1,11204,0,0
2022-10,850,2,0,329,0,0
2022-10,850,2,1,990,0,0
2022-10,860,1,0,2186,1,0
2022-10,860,1,1,8890,0,0
2022-10,860,2,0,250,0,0
2022-10,860,2,1,760,0,0
2022-10,870,1,0,1626,0,0
2022-10,870,1,1,6594,0,0
2022-10,870,2,0,170,0,0
2022-10,870,2,1,514,0,0
2022-10,880,1,0,744,0,0
2022-10,880,1,1,3265,0,0
2022-10,880,2,0,110,0,0
2022-10,880,2,1,251,0,0
2022-10,890,1,0,292,0,0
2022-10,890,1,1,1329,0,0
2022-10,890,2,0,41,0,0
2022-10,890,2,1,108,0,0
2022-11,660,1,0,579,0,0
2022-11,660,1,1,3903,6,0
2022-11,660,2,0,69,0,0
2022-11,660,2,1,264,0,0
2022-11,670,1,0,695,0,0
2022-11,670,1,1,4020,4,0
2022-11,670,2,0,91,0,0
2022-11,670,2,1,266,0,0
2022-11,680,1,0,1061,0,0
2022-11,680,1,1,4789,3,0
2022-11,680,2,0,167,0,0
2022-11,680,2,1,396,1,0
2022-11,690,1,0,1266,0,0
2022-11,690,1,1,4895,2,0
2022-11,690,2,0,198,1,0
2022-11,690,2,1,454,0,0
2022-11,700,1,0,2506,0,0
2022-11,700,1,1,8800,7,0
2022-11,700,2,0,186,0,0
2022-11,700,2,1,1115,0,0
2022-11,710,1,0,2602,1,0
2022-11,710,1,1,7852,2,0
2022-11,710,2,0,198,0,0
2022-11,710,2,1,1016,0,0
2022-11,720,1,0,2453,0,0
2022-11,720,1,1,12340,4,0
2022-11,720,2,0,224,0,0
2022-11,720,2,1,1418,0,0
2022-11,730,1,0,2549,1,0
2022-11,730,1,1,11350,5,0
2022-11,730,2,0,256,0,0
2022-11,730,2,1,1400,0,0
2022-11,740,1,0,3265,2,0
2022-11,740,1,1,13103,4,0
2022-11,740,2,0,479,0,0
2022-11,740,2,1,1415,0,0
2022-11,750,1,0,3066,0,0
2022-11,750,1,1,12468,4,0
2022-11,750,2,0,457,0,0
2022-11,750,2,1,1354,0,0
2022-11,760,1,0,2974,0,0
2022-11,760,1,1,11205,3,0
2022-11,760,2,0,404,0,0
2022-11,760,2,1,1193,0,0
2022-11,770,1,0,3083,0,0
2022-11,770,1,1,10974,1,0
2022-11,770,2,0,371,0,0
2022-11,770,2,1,1154,0,0
2022-11,780,1,0,3129,1,0
2022-11,780,1,1,11032,1,0
2022-11,780,2,0,423,0,0
2022-11,780,2,1,1116,0,0
2022-11,790,1,0,3151,1,0
2022-11,790,1,1,11001,0,0
2022-11,790,2,0,376,0,0
2022-11,790,2,1,1054,0,0
2022-11,800,1,0,3467,1,0
2022-11,800,1,1,11362,0,0
2022-11,800,2,0,365,0,0
2022-11,800,2,1,1079,0,0
2022-11,810,1,0,3428,0,0
2022-11,810,1,1,11110,1,0
2022-11,810,2,0,363,0,0
2022-11,810,2,1,1039,0,0
2022-11,820,1,0,3397,0,0
2022-11,820,1,1,11237,1,0
2022-11,820,2,0,391,0,0
2022-11,820,2,1,1033,0,0
2022-11,830,1,0,3362,0,0
2022-11,830,1,1,11316,1,0
2022-11,830,2,0,374,0,0
2022-11,830,2,1,1024,0,0
2022-11,840,1,0,3083,0,0
2022-11,840,1,1,10643,0,0
2022-11,840,2,0,336,0,0
2022-11,840,2,1,916,0,0
2022-11,850,1,0,2877,0,0
2022-11,850,1,1,10880,0,0
2022-11,850,2,0,321,0,0
2022-11,850,2,1,947,0,0
2022-11,860,1,0,2169,0,0
2022-11,860,1,1,8593,0,0
2022-11,860,2,0,245,0,0
2022-11,860,2,1,722,0,0
2022-11,870,1,0,1616,0,0
2022-11,870,1,1,6422,0,0
2022-11,870,2,0,168,0,0
2022-11,870,2,1,499,0,0
2022-11,880,1,0,733,1,0
2022-11,880,1,1,3173,0,0
2022-11,880,2,0,108,0,0
2022-11,880,2,1,238,0,0
2022-11,890,1,0,289,0,0
2022-11,890,1,1,1287,0,0
2022-11,890,2,0,40,0,0
2022-11,890,2,1,105,0,0
2022-12,660,1,0,573,0,0
2022-12,660,1,1,3614,3,0
2022-12,660,2,0,68,0,0
2022-12,660,2,1,255,0,0
2022-12,670,1,0,688,0,0
2022-12,670,1,1,3740,3,0
2022-12,670,2,0,91,0,0
2022-12,670,2,1,251,0,0
2022-12,680,1,0,1050,2,0
2022-12,680,1,1,4319,1,0
2022-12,680,2,0,163,0,0
2022-12,680,2,1,377,0,0
2022-12,690,1,0,1250,1,0
2022-12,690,1,1,4472,2,0
2022-12,690,2,0,195,0,0
2022-12,690,2,1,435,0,0
2022-12,700,1,0,2484,0,0
2022-12,700,1,1,7828,4,0
2022-12,700,2,0,184,0,0
2022-12,700,2,1,1073,1,0
2022-12,710,1,0,2563,2,0
2022-12,710,1,1,7056,6,0
2022-12,710,2,0,198,0,0
2022-12,710,2,1,967,0,0
2022-12,720,1,0,2422,1,0
2022-12,720,1,1,10915,2,0
2022-12,720,2,0,222,0,0
2022-12,720,2,1,1352,0,0
2022-12,730,1,0,2517,1,0
2022-12,730,1,1,10024,2,0
2022-12,730,2,0,252,0,0
2022-12,730,2,1,1345,1,0
2022-12,740,1,0,3225,1,0
2022-12,740,1,1,12121,3,0
2022-12,740,2,0,470,0,0
2022-12,740,2,1,1297,0,0
2022-12,750,1,0,3029,1,0
2022-12,750,1,1,11564,4,0
2022-12,750,2,0,450,0,0
2022-12,750,2,1,1258,0,0
2022-12,760,1,0,2933,0,0
2022-12,760,1,1,10381,0,0
2022-12,760,2,0,398,0,0
2022-12,760,2,1,1093,0,0
2022-12,770,1,0,3038,2,0
2022-12,770,1,1,10176,1,0
2022-12,770,2,0,367,0,0
2022-12,770,2,1,1060,0,0
2022-12,780,1,0,3099,0,0
2022-12,780,1,1,10267,1,0
2022-12,780,2,0,419,0,0
2022-12,780,2,1,1036,0,0
2022-12,790,1,0,3111,0,0
2022-12,790,1,1,10239,2,0
2022-12,790,2,0,375,0,0
2022-12,790,2,1,978,1,0
2022-12,800,1,0,3425,0,0
2022-12,800,1,1,10553,0,0
2022-12,800,2,0,363,0,0
2022-12,800,2,1,994,0,0
2022-12,810,1,0,3385,0,0
2022-12,810,1,1,10289,2,0
2022-12,810,2,0,354,0,0
2022-12,810,2,1,974,0,0
2022-12,820,1,0,3353,1,0
2022-12,820,1,1,10444,1,0
2022-12,820,2,0,388,0,0
2022-12,820,2,1,986,0,0
2022-12,830,1,0,3324,0,0
2022-12,830,1,1,10470,1,0
2022-12,830,2,0,368,0,0
2022-12,830,2,1,963,0,0
2022-12,840,1,0,3045,1,0
2022-12,840,1,1,9858,1,0
2022-12,840,2,0,332,0,0
2022-12,840,2,1,859,0,0
2022-12,850,1,0,2842,0,0
2022-12,850,1,1,10077,0,0
2022-12,850,2,0,320,0,0
2022-12,850,2,1,882,0,0
2022-12,860,1,0,2152,0,0
2022-12,860,1,1,7907,0,0
2022-12,860,2,0,242,0,0
2022-12,860,2,1,679,0,0
2022-12,870,1,0,1602,0,0
2022-12,870,1,1,5958,0,0
2022-12,870,2,0,168,0,0
2022-12,870,2,1,462,0,0
2022-12,880,1,0,728,0,0
2022-12,880,1,1,2976,0,0
2022-12,880,2,0,107,0,0
2022-12,880,2,1,225,0,0
2022-12,890,1,0,288,0,0
2022-12,890,1,1,1217,0,0
2022-12,890,2,0,40,0,0
2022-12,890,2,1,99,0,0
2023-01,660,1,0,567,0,0
2023-01,660,1,1,3507,6,0
2023-01,660,2,0,67,0,0
2023-01,660,2,1,248,0,0
2023-01,670,1,0,680,0,0
2023-01,670,1,1,3626,2,0
2023-01,670,2,0,90,0,0
2023-01,670,2,1,239,0,0
2023-01,680,1,0,1034,0,0
2023-01,680,1,1,4161,3,0
2023-01,680,2,0,162,0,0
2023-01,680,2,1,359,0,0
2023-01,690,1,0,1235,0,0
2023-01,690,1,1,4344,2,0
2023-01,690,2,0,194,0,0
2023-01,690,2,1,419,0,0
2023-01,700,1,0,2457,0,0
2023-01,700,1,1,7609,7,0
2023-01,700,2,0,180,0,0
2023-01,700,2,1,1036,0,0
2023-01,710,1,0,2521,2,0
2023-01,710,1,1,6870,3,0
2023-01,710,2,0,193,0,0
2023-01,710,2,1,935,0,0
2023-01,720,1,0,2365,0,0
2023-01,720,1,1,10699,5,0
2023-01,720,2,0,219,1,0
2023-01,720,2,1,1299,0,0
2023-01,730,1,0,2474,0,0
2023-01,730,1,1,9844,7,0
2023-01,730,2,0,248,0,0
2023-01,730,2,1,1291,0,0
2023-01,740,1,0,3161,1,0
2023-01,740,1,1,11839,3,0
2023-01,740,2,0,468,0,0
2023-01,740,2,1,1257,1,0
2023-01,750,1,0,2980,1,0
2023-01,750,1,1,11298,2,0
2023-01,750,2,0,443,0,0
2023-01,750,2,1,1230,0,0
2023-01,760,1,0,2891,0,0
2023-01,760,1,1,10131,1,0
2023-01,760,2,0,396,0,0
2023-01,760,2,1,1056,0,0
2023-01,770,1,0,2979,0,0
2023-01,770,1,1,9918,3,0
2023-01,770,2,0,364,0,0
2023-01,770,2,1,1022,0,0
2023-01,780,1,0,3055,0,0
2023-01,780,1,1,10020,2,0
2023-01,780,2,0,418,1,0
2023-01,780,2,1,995,0,0
2023-01,790,1,0,3060,0,0
2023-01,790,1,1,9986,2,0
2023-01,790,2,0,372,0,0
2023-01,790,2,1,940,0,0
2023-01,800,1,0,3384,0,0
2023-01,800,1,1,10294,1,0
2023-01,800,2,0,355,0,0
2023-01,800,2,1,946,0,0
2023-01,810,1,0,3342,0,0
2023-01,810,1,1,10026,1,0
2023-01,810,2,0,350,0,0
2023-01,810,2,1,934,0,0
2023-01,820,1,0,3306,0,0
2023-01,820,1,1,10174,3,0
2023-01,820,2,0,385,0,0
2023-01,820,2,1,957,0,0
2023-01,830,1,0,3267,0,0
2023-01,830,1,1,10212,0,0
2023-01,830,2,0,359,0,0
2023-01,830,2,1,925,1,0
2023-01,840,1,0,3006,0,0
2023-01,840,1,1,9623,0,0
2023-01,840,2,0,327,0,0
2023-01,840,2,1,834,0,0
2023-01,850,1,0,2809,0,0
2023-01,850,1,1,9815,1,0
2023-01,850,2,0,316,0,0
2023-01,850,2,1,845,0,0
2023-01,860,1,0,2132,0,0
2023-01,860,1,1,7661,1,0
2023-01,860,2,0,238,0,0
2023-01,860,2,1,657,0,0
2023-01,870,1,0,1587,0,0
2023-01,870,1,1,5799,0,0
2023-01,870,2,0,168,0,0
2023-01,870,2,1,448,0,0
2023-01,880,1,0,718,0,0
2023-01,880,1,1,2887,0,0
2023-01,880,2,0,105,0,0
2023-01,880,2,1,220,0,0
2023-01,890,1,0,287,0,0
2023-01,890,1,1,1189,0,0
2023-01,890,2,0,40,0,0
2023-01,890,2,1,98,0,0
2023-02,660,1,1,3969,2,0
2023-02,660,2,1,304,0,0
2023-02,670,1,1,4202,2,0
2023-02,670,2,1,316,0,0
2023-02,680,1,1,5053,1,0
2023-02,680,2,1,498,0,0
2023-02,690,1,1,5445,5,0
2023-02,690,2,1,588,0,0
2023-02,700,1,1,9848,4,0
2023-02,700,2,1,1175,0,0
2023-02,710,1,1,9187,5,0
2023-02,710,2,1,1082,0,0
2023-02,720,1,1,12762,3,0
2023-02,720,2,1,1469,0,0
2023-02,730,1,1,12053,3,0
2023-02,730,2,1,1475,0,0
2023-02,740,1,1,14655,5,0
2023-02,740,2,1,1674,0,0
2023-02,750,1,1,13902,4,0
2023-02,750,2,1,1622,0,0
2023-02,760,1,1,12677,3,0
2023-02,760,2,1,1413,0,0
2023-02,770,1,1,12570,2,0
2023-02,770,2,1,1344,2,0
2023-02,780,1,1,12750,1,0
2023-02,780,2,1,1364,0,0
2023-02,790,1,1,12715,2,0
2023-02,790,2,1,1263,1,0
2023-02,800,1,1,13319,1,0
2023-02,800,2,1,1267,0,0
2023-02,810,1,1,13035,1,0
2023-02,810,2,1,1240,0,0
2023-02,820,1,1,13133,2,0
2023-02,820,2,1,1310,0,0
2023-02,830,1,1,13104,1,0
2023-02,830,2,1,1237,0,0
2023-02,840,1,1,12319,1,0
2023-02,840,2,1,1105,0,0
2023-02,850,1,1,12304,1,0
2023-02,850,2,1,1113,0,0
2023-02,860,1,1,9550,0,0
2023-02,860,2,1,867,0,0
2023-02,870,1,1,7198,0,0
2023-02,870,2,1,591,0,0
2023-02,880,1,1,3521,1,0
2023-02,880,2,1,317,0,0
2023-02,890,1,1,1448,0,0
2023-02,890,2,1,136,0,0
2023-03,660,1,1,3869,0,0
2023-03,660,2,1,295,0,0
2023-03,670,1,1,4084,3,0
2023-03,670,2,1,306,0,0
2023-03,680,1,1,4880,3,0
2023-03,680,2,1,484,1,0
2023-03,690,1,1,5276,2,0
2023-03,690,2,1,571,0,0
2023-03,700,1,1,9618,5,0
2023-03,700,2,1,1135,1,0
2023-03,710,1,1,8996,4,0
2023-03,710,2,1,1026,0,0
2023-03,720,1,1,12445,3,0
2023-03,720,2,1,1412,0,0
2023-03,730,1,1,11757,2,0
2023-03,730,2,1,1421,0,0
2023-03,740,1,1,14225,3,0
2023-03,740,2,1,1605,0,0
2023-03,750,1,1,13536,2,0
2023-03,750,2,1,1562,0,0
2023-03,760,1,1,12335,2,0
2023-03,760,2,1,1376,0,0
2023-03,770,1,1,12234,1,0
2023-03,770,2,1,1300,0,0
2023-03,780,1,1,12392,2,0
2023-03,780,2,1,1327,0,0
2023-03,790,1,1,12368,2,0
2023-03,790,2,1,1222,0,0
2023-03,800,1,1,12923,1,0
2023-03,800,2,1,1225,0,0
2023-03,810,1,1,12666,1,0
2023-03,810,2,1,1197,0,0
2023-03,820,1,1,12782,1,0
2023-03,820,2,1,1266,0,0
2023-03,830,1,1,12716,0,0
2023-03,830,2,1,1187,0,0
2023-03,840,1,1,11978,1,0
2023-03,840,2,1,1056,0,0
2023-03,850,1,1,11947,0,0
2023-03,850,2,1,1073,0,0
2023-03,860,1,1,9294,1,0
2023-03,860,2,1,835,0,0
2023-03,870,1,1,6981,0,0
2023-03,870,2,1,571,0,0
2023-03,880,1,1,3417,0,0
2023-03,880,2,1,302,0,0
2023-03,890,1,1,1408,0,0
2023-03,890,2,1,132,0,0
2023-04,660,1,0,342,0,0
2023-04,660,1,1,3580,1,0
2023-04,660,2,0,59,0,0
2023-04,660,2,1,275,0,0
2023-04,670,1,0,373,0,0
2023-04,670,1,1,3826,5,0
2023-04,670,2,0,59,0,0
2023-04,670,2,1,286,1,0
2023-04,680,1,0,1314,0,0
2023-04,680,1,1,4407,4,0
2023-04,680,2,0,181,0,0
2023-04,680,2,1,460,0,0
2023-04,690,1,0,1605,0,0
2023-04,690,1,1,4846,1,0
2023-04,690,2,0,162,0,0
2023-04,690,2,1,545,0,0
2023-04,700,1,0,2650,1,0
2023-04,700,1,1,8777,3,0
2023-04,700,2,0,175,0,0
2023-04,700,2,1,1090,0,0
2023-04,710,1,0,2632,0,0
2023-04,710,1,1,8286,2,0
2023-04,710,2,0,156,0,0
2023-04,710,2,1,975,1,0
2023-04,720,1,0,1897,0,0
2023-04,720,1,1,11153,2,0
2023-04,720,2,0,201,0,0
2023-04,720,2,1,1343,0,0
2023-04,730,1,0,1887,1,0
2023-04,730,1,1,10618,2,0
2023-04,730,2,0,188,0,0
2023-04,730,2,1,1339,0,0
2023-04,740,1,0,4106,0,0
2023-04,740,1,1,12949,5,0
2023-04,740,2,0,695,0,0
2023-04,740,2,1,1491,0,0
2023-04,750,1,0,4020,0,0
2023-04,750,1,1,12327,5,0
2023-04,750,2,0,676,0,0
2023-04,750,2,1,1453,1,0
2023-04,760,1,0,3671,0,0
2023-04,760,1,1,11370,1,0
2023-04,760,2,0,625,0,0
2023-04,760,2,1,1300,0,0
2023-04,770,1,0,3724,0,0
2023-04,770,1,1,11221,3,0
2023-04,770,2,0,659,0,0
2023-04,770,2,1,1223,0,0
2023-04,780,1,0,3669,0,0
2023-04,780,1,1,11401,1,0
2023-04,780,2,0,662,0,0
2023-04,780,2,1,1232,0,0
2023-04,790,1,0,3626,1,0
2023-04,790,1,1,11386,1,0
2023-04,790,2,0,629,0,0
2023-04,790,2,1,1146,0,0
2023-04,800,1,0,3796,0,0
2023-04,800,1,1,11835,1,0
2023-04,800,2,0,698,0,0
2023-04,800,2,1,1145,0,0
2023-04,810,1,0,3704,0,0
2023-04,810,1,1,11646,1,0
2023-04,810,2,0,662,0,0
2023-04,810,2,1,1120,0,0
2023-04,820,1,0,3817,0,0
2023-04,820,1,1,11860,2,0
2023-04,820,2,0,677,0,0
2023-04,820,2,1,1186,0,0
2023-04,830,1,0,3626,0,0
2023-04,830,1,1,11680,1,0
2023-04,830,2,0,627,0,0
2023-04,830,2,1,1108,0,0
2023-04,840,1,0,3530,0,0
2023-04,840,1,1,11029,0,0
2023-04,840,2,0,560,0,0
2023-04,840,2,1,1001,0,0
2023-04,850,1,0,3287,0,0
2023-04,850,1,1,10991,0,0
2023-04,850,2,0,609,0,0
2023-04,850,2,1,1007,0,0
2023-04,860,1,0,2535,0,0
2023-04,860,1,1,8576,1,0
2023-04,860,2,0,425,0,0
2023-04,860,2,1,784,0,0
2023-04,870,1,0,1848,0,0
2023-04,870,1,1,6401,1,0
2023-04,870,2,0,364,0,0
2023-04,870,2,1,541,0,0
2023-04,880,1,0,930,0,0
2023-04,880,1,1,3121,0,0
2023-04,880,2,0,192,0,0
2023-04,880,2,1,280,0,0
2023-04,890,1,0,398,0,0
2023-04,890,1,1,1293,0,0
2023-04,890,2,0,86,0,0
2023-04,890,2,1,128,0,0
2023-05,660,1,0,340,0,0
2023-05,660,1,1,3154,5,0
2023-05,660,2,0,59,0,0
2023-05,660,2,1,263,0,0
2023-05,670,1,0,371,0,0
2023-05,670,1,1,3440,1,0
2023-05,670,2,0,59,0,0
2023-05,670,2,1,274,0,0
2023-05,680,1,0,1294,0,0
2023-05,680,1,1,3878,2,0
2023-05,680,2,0,180,0,0
2023-05,680,2,1,440,0,0
2023-05,690,1,0,1590,0,0
2023-05,690,1,1,4340,1,0
2023-05,690,2,0,161,0,0
2023-05,690,2,1,524,0,0
2023-05,700,1,0,2615,0,0
2023-05,700,1,1,8076,2,0
2023-05,700,2,0,173,0,0
2023-05,700,2,1,922,0,0
2023-05,710,1,0,2595,0,0
2023-05,710,1,1,7629,5,0
2023-05,710,2,0,154,0,0
2023-05,710,2,1,846,0,0
2023-05,720,1,0,1869,0,0
2023-05,720,1,1,9931,6,0
2023-05,720,2,0,199,0,0
2023-05,720,2,1,1193,0,0
2023-05,730,1,0,1861,0,0
2023-05,730,1,1,9502,2,0
2023-05,730,2,0,187,0,0
2023-05,730,2,1,1204,0,0
2023-05,740,1,0,4072,0,0
2023-05,740,1,1,11685,1,0
2023-05,740,2,0,686,0,0
2023-05,740,2,1,1441,0,0
2023-05,750,1,0,3961,0,0
2023-05,750,1,1,11205,3,0
2023-05,750,2,0,665,0,0
2023-05,750,2,1,1395,0,0
2023-05,760,1,0,3629,0,0
2023-05,760,1,1,10371,1,0
2023-05,760,2,0,614,0,0
2023-05,760,2,1,1257,0,0
2023-05,770,1,0,3691,0,0
2023-05,770,1,1,10228,1,0
2023-05,770,2,0,656,0,0
2023-05,770,2,1,1168,0,0
2023-05,780,1,0,3604,1,0
2023-05,780,1,1,10401,0,0
2023-05,780,2,0,654,0,0
2023-05,780,2,1,1187,0,0
2023-05,790,1,0,3579,0,0
2023-05,790,1,1,10429,1,0
2023-05,790,2,0,623,0,0
2023-05,790,2,1,1092,0,0
2023-05,800,1,0,3751,0,0
2023-05,800,1,1,10798,0,0
2023-05,800,2,0,694,0,0
2023-05,800,2,1,1096,0,0
2023-05,810,1,0,3665,1,0
2023-05,810,1,1,10688,1,0
2023-05,810,2,0,655,0,0
2023-05,810,2,1,1077,0,0
2023-05,820,1,0,3755,1,0
2023-05,820,1,1,10833,0,0
2023-05,820,2,0,667,0,0
2023-05,820,2,1,1147,0,0
2023-05,830,1,0,3585,0,0
2023-05,830,1,1,10769,1,0
2023-05,830,2,0,620,0,0
2023-05,830,2,1,1072,0,0
2023-05,840,1,0,3483,0,0
2023-05,840,1,1,10119,0,0
2023-05,840,2,0,554,0,0
2023-05,840,2,1,968,0,0
2023-05,850,1,0,3250,0,0
2023-05,850,1,1,10089,1,0
2023-05,850,2,0,599,1,0
2023-05,850,2,1,969,0,0
2023-05,860,1,0,2509,0,0
2023-05,860,1,1,7885,0,0
2023-05,860,2,0,418,0,0
2023-05,860,2,1,747,0,0
2023-05,870,1,0,1823,0,0
2023-05,870,1,1,5896,0,0
2023-05,870,2,0,358,0,0
2023-05,870,2,1,522,0,0
2023-05,880,1,0,925,0,0
2023-05,880,1,1,2876,0,0
2023-05,880,2,0,190,0,0
2023-05,880,2,1,269,0,0
2023-05,890,1,0,397,0,0
2023-05,890,1,1,1199,0,0
2023-05,890,2,0,86,0,0
2023-05,890,2,1,124,0,0
2023-06,660,1,0,334,0,0
2023-06,660,1,1,3035,4,0
2023-06,660,2,0,57,0,0
2023-06,660,2,1,246,1,0
2023-06,670,1,0,367,0,0
2023-06,670,1,1,3323,2,0
2023-06,670,2,0,58,0,0
2023-06,670,2,1,260,0,0
2023-06,680,1,0,1275,0,0
2023-06,680,1,1,3751,2,0
2023-06,680,2,0,179,0,0
2023-06,680,2,1,422,0,0
2023-06,690,1,0,1575,0,0
2023-06,690,1,1,4192,0,0
2023-06,690,2,0,160,0,0
2023-06,690,2,1,496,0,0
2023-06,700,1,0,2572,0,0
2023-06,700,1,1,7868,4,0
2023-06,700,2,0,167,0,0
2023-06,700,2,1,897,0,0
2023-06,710,1,0,2568,1,0
2023-06,710,1,1,7447,3,0
2023-06,710,2,0,150,0,0
2023-06,710,2,1,824,0,0
2023-06,720,1,0,1838,0,0
2023-06,720,1,1,9675,3,0
2023-06,720,2,0,196,0,0
2023-06,720,2,1,1163,0,0
2023-06,730,1,0,1832,1,0
2023-06,730,1,1,9266,3,0
2023-06,730,2,0,186,0,0
2023-06,730,2,1,1162,0,0
2023-06,740,1,0,4010,1,0
2023-06,740,1,1,11343,5,0
2023-06,740,2,0,674,0,0
2023-06,740,2,1,1389,0,0
2023-06,750,1,0,3898,0,0
2023-06,750,1,1,10908,3,0
2023-06,750,2,0,659,0,0
2023-06,750,2,1,1330,0,0
2023-06,760,1,0,3567,0,0
2023-06,760,1,1,10090,3,0
2023-06,760,2,0,603,0,0
2023-06,760,2,1,1207,0,0
2023-06,770,1,0,3647,0,0
2023-06,770,1,1,9939,1,0
2023-06,770,2,0,648,0,0
2023-06,770,2,1,1118,0,0
2023-06,780,1,0,3557,0,0
2023-06,780,1,1,10069,1,0
2023-06,780,2,0,642,0,0
2023-06,780,2,1,1148,0,0
2023-06,790,1,0,3530,1,0
2023-06,790,1,1,10149,0,0
2023-06,790,2,0,619,0,0
2023-06,790,2,1,1051,0,0
2023-06,800,1,0,3693,0,0
2023-06,800,1,1,10509,0,0
2023-06,800,2,0,682,0,0
2023-06,800,2,1,1064,0,0
2023-06,810,1,0,3607,0,0
2023-06,810,1,1,10415,0,0
2023-06,810,2,0,644,0,0
2023-06,810,2,1,1036,0,0
2023-06,820,1,0,3714,0,0
2023-06,820,1,1,10519,2,0
2023-06,820,2,0,662,0,0
2023-06,820,2,1,1105,0,0
2023-06,830,1,0,3533,0,0
2023-06,830,1,1,10489,1,0
2023-06,830,2,0,609,0,0
2023-06,830,2,1,1018,0,0
2023-06,840,1,0,3454,0,0
2023-06,840,1,1,9837,0,0
2023-06,840,2,0,542,0,0
2023-06,840,2,1,914,0,0
2023-06,850,1,0,3205,0,0
2023-06,850,1,1,9822,0,0
2023-06,850,2,0,590,0,0
2023-06,850,2,1,925,0,0
2023-06,860,1,0,2484,0,0
2023-06,860,1,1,7664,0,0
2023-06,860,2,0,412,0,0
2023-06,860,2,1,726,0,0
2023-06,870,1,0,1800,0,0
2023-06,870,1,1,5750,0,0
2023-06,870,2,0,351,0,0
2023-06,870,2,1,500,0,0
2023-06,880,1,0,918,0,0
2023-06,880,1,1,2799,0,0
2023-06,880,2,0,186,0,0
2023-06,880,2,1,260,0,0
2023-06,890,1,0,394,0,0
2023-06,890,1,1,1166,0,0
2023-06,890,2,0,86,0,0
2023-06,890,2,1,117,0,0
2023-07,660,1,0,328,0,0
2023-07,660,1,1,2941,0,0
2023-07,660,2,0,57,0,0
2023-07,660,2,1,232,0,0
2023-07,670,1,0,359,0,0
2023-07,670,1,1,3232,1,0
2023-07,670,2,0,57,0,0
2023-07,670,2,1,242,0,0
2023-07,680,1,0,1257,0,0
2023-07,680,1,1,3649,5,0
2023-07,680,2,0,176,0,0
2023-07,680,2,1,399,0,0
2023-07,690,1,0,1554,0,0
2023-07,690,1,1,4077,2,0
2023-07,690,2,0,155,0,0
2023-07,690,2,1,479,0,0
2023-07,700,1,0,2534,0,0
2023-07,700,1,1,7656,4,0
2023-07,700,2,0,162,0,0
2023-07,700,2,1,865,1,0
2023-07,710,1,0,2528,0,0
2023-07,710,1,1,7238,1,0
2023-07,710,2,0,150,0,0
2023-07,710,2,1,805,0,0
2023-07,720,1,0,1807,1,0
2023-07,720,1,1,9412,4,0
2023-07,720,2,0,193,0,0
2023-07,720,2,1,1127,0,0
2023-07,730,1,0,1792,2,0
2023-07,730,1,1,9008,3,0
2023-07,730,2,0,185,0,0
2023-07,730,2,1,1136,0,0
2023-07,740,1,0,3958,0,0
2023-07,740,1,1,10973,5,0
2023-07,740,2,0,666,0,0
2023-07,740,2,1,1334,0,0
2023-07,750,1,0,3837,1,0
2023-07,750,1,1,10559,1,0
2023-07,750,2,0,651,0,0
2023-07,750,2,1,1270,0,0
2023-07,760,1,0,3514,1,0
2023-07,760,1,1,9781,3,0
2023-07,760,2,0,592,0,0
2023-07,760,2,1,1166,0,0
2023-07,770,1,0,3594,1,0
2023-07,770,1,1,9637,1,0
2023-07,770,2,0,636,0,0
2023-07,770,2,1,1083,0,0
2023-07,780,1,0,3513,1,0
2023-07,780,1,1,9732,1,0
2023-07,780,2,0,635,0,0
2023-07,780,2,1,1100,0,0
2023-07,790,1,0,3482,0,0
2023-07,790,1,1,9831,1,0
2023-07,790,2,0,606,0,0
2023-07,790,2,1,1006,0,0
2023-07,800,1,0,3643,0,0
2023-07,800,1,1,10172,1,0
2023-07,800,2,0,673,0,0
2023-07,800,2,1,1032,0,0
2023-07,810,1,0,3559,0,0
2023-07,810,1,1,10075,0,0
2023-07,810,2,0,635,0,0
2023-07,810,2,1,988,0,0
2023-07,820,1,0,3656,0,0
2023-07,820,1,1,10175,1,0
2023-07,820,2,0,651,0,0
2023-07,820,2,1,1068,0,0
2023-07,830,1,0,3475,0,0
2023-07,830,1,1,10138,1,0
2023-07,830,2,0,602,0,0
2023-07,830,2,1,982,0,0
2023-07,840,1,0,3395,0,0
2023-07,840,1,1,9551,1,0
2023-07,840,2,0,528,0,0
2023-07,840,2,1,890,0,0
2023-07,850,1,0,3162,0,0
2023-07,850,1,1,9490,0,0
2023-07,850,2,0,581,0,0
2023-07,850,2,1,891,0,0
2023-07,860,1,0,2442,0,0
2023-07,860,1,1,7401,0,0
2023-07,860,2,0,403,0,0
2023-07,860,2,1,706,0,0
2023-07,870,1,0,1773,0,0
2023-07,870,1,1,5585,0,0
2023-07,870,2,0,347,0,0
2023-07,870,2,1,484,0,0
2023-07,880,1,0,908,0,0
2023-07,880,1,1,2712,0,0
2023-07,880,2,0,182,0,0
2023-07,880,2,1,252,0,0
2023-07,890,1,0,391,0,0
2023-07,890,1,1,1128,0,0
2023-07,890,2,0,85,0,0
2023-07,890,2,1,113,0,0
2023-08,660,1,0,323,0,0
2023-08,660,1,1,2601,5,0
2023-08,660,2,0,57,0,0
2023-08,660,2,1,163,0,0
2023-08,670,1,0,352,0,0
2023-08,670,1,1,2867,0,0
2023-08,670,2,0,57,0,0
2023-08,670,2,1,204,0,0
2023-08,680,1,0,1241,0,0
2023-08,680,1,1,3239,2,0
2023-08,680,2,0,171,0,0
2023-08,680,2,1,353,0,0
2023-08,690,1,0,1538,0,0
2023-08,690,1,1,3642,0,0
2023-08,690,2,0,154,0,0
2023-08,690,2,1,422,0,0
2023-08,700,1,0,2492,0,0
2023-08,700,1,1,6865,4,0
2023-08,700,2,0,159,0,0
2023-08,700,2,1,806,0,0
2023-08,710,1,0,2471,0,0
2023-08,710,1,1,6572,2,0
2023-08,710,2,0,150,0,0
2023-08,710,2,1,751,0,0
2023-08,720,1,0,1777,0,0
2023-08,720,1,1,8163,2,0
2023-08,720,2,0,190,0,0
2023-08,720,2,1,1050,1,0
2023-08,730,1,0,1754,0,0
2023-08,730,1,1,8018,2,0
2023-08,730,2,0,182,0,0
2023-08,730,2,1,1068,1,0
2023-08,740,1,0,3893,0,0
2023-08,740,1,1,9645,3,0
2023-08,740,2,0,654,0,0
2023-08,740,2,1,1232,2,0
2023-08,750,1,0,3773,0,0
2023-08,750,1,1,9291,3,0
2023-08,750,2,0,641,0,0
2023-08,750,2,1,1174,0,0
2023-08,760,1,0,3447,0,0
2023-08,760,1,1,8658,0,0
2023-08,760,2,0,582,0,0
2023-08,760,2,1,1076,0,0
2023-08,770,1,0,3539,0,0
2023-08,770,1,1,8572,2,0
2023-08,770,2,0,626,0,0
2023-08,770,2,1,994,0,0
2023-08,780,1,0,3462,0,0
2023-08,780,1,1,8711,1,0
2023-08,780,2,0,629,0,0
2023-08,780,2,1,1035,0,0
2023-08,790,1,0,3417,0,0
2023-08,790,1,1,8767,3,0
2023-08,790,2,0,597,0,0
2023-08,790,2,1,923,0,0
2023-08,800,1,0,3576,0,0
2023-08,800,1,1,9158,0,0
2023-08,800,2,0,652,0,0
2023-08,800,2,1,958,0,0
2023-08,810,1,0,3495,0,0
2023-08,810,1,1,9092,0,0
2023-08,810,2,0,619,0,0
2023-08,810,2,1,907,0,0
2023-08,820,1,0,3607,1,0
2023-08,820,1,1,9220,0,0
2023-08,820,2,0,636,0,0
2023-08,820,2,1,989,0,0
2023-08,830,1,0,3411,0,0
2023-08,830,1,1,9118,0,0
2023-08,830,2,0,587,0,0
2023-08,830,2,1,912,0,0
2023-08,840,1,0,3341,0,0
2023-08,840,1,1,8618,1,0
2023-08,840,2,0,517,0,0
2023-08,840,2,1,820,0,0
2023-08,850,1,0,3112,1,0
2023-08,850,1,1,8529,0,0
2023-08,850,2,0,570,1,0
2023-08,850,2,1,826,0,0
2023-08,860,1,0,2398,0,0
2023-08,860,1,1,6609,0,0
2023-08,860,2,0,393,0,0
2023-08,860,2,1,665,0,0
2023-08,870,1,0,1730,0,0
2023-08,870,1,1,5031,1,0
2023-08,870,2,0,333,0,0
2023-08,870,2,1,445,0,0
2023-08,880,1,0,898,0,0
2023-08,880,1,1,2422,0,0
2023-08,880,2,0,179,0,0
2023-08,880,2,1,237,0,0
2023-08,890,1,0,390,0,0
2023-08,890,1,1,1016,0,0
2023-08,890,2,0,81,0,0
2023-08,890,2,1,107,0,0
2023-09,660,1,1,2822,3,0
2023-09,660,2,1,212,0,0
2023-09,670,1,1,3115,1,0
2023-09,670,2,1,248,1,0
2023-09,680,1,1,4374,1,0
2023-09,680,2,1,510,0,0
2023-09,690,1,1,5048,0,0
2023-09,690,2,1,561,0,0
2023-09,700,1,1,9102,6,0
2023-09,700,2,1,930,0,0
2023-09,710,1,1,8828,7,0
2023-09,710,2,1,876,0,0
2023-09,720,1,1,9697,1,0
2023-09,720,2,1,1203,1,0
2023-09,730,1,1,9540,2,0
2023-09,730,2,1,1210,0,0
2023-09,740,1,1,13159,3,0
2023-09,740,2,1,1810,2,0
2023-09,750,1,1,12712,2,0
2023-09,750,2,1,1741,0,0
2023-09,760,1,1,11788,2,0
2023-09,760,2,1,1610,0,0
2023-09,770,1,1,11769,2,0
2023-09,770,2,1,1580,0,0
2023-09,780,1,1,11808,2,0
2023-09,780,2,1,1612,0,0
2023-09,790,1,1,11832,1,0
2023-09,790,2,1,1466,0,0
2023-09,800,1,1,12399,1,0
2023-09,800,2,1,1548,0,0
2023-09,810,1,1,12211,0,0
2023-09,810,2,1,1471,0,0
2023-09,820,1,1,12425,1,0
2023-09,820,2,1,1563,1,0
2023-09,830,1,1,12158,1,0
2023-09,830,2,1,1446,0,0
2023-09,840,1,1,11626,1,0
2023-09,840,2,1,1291,0,0
2023-09,850,1,1,11322,1,0
2023-09,850,2,1,1351,0,0
2023-09,860,1,1,8724,1,0
2023-09,860,2,1,1011,0,0
2023-09,870,1,1,6548,2,0
2023-09,870,2,1,747,0,0
2023-09,880,1,1,3221,0,0
2023-09,880,2,1,398,0,0
2023-09,890,1,1,1369,0,0
2023-09,890,2,1,184,0,0
2023-10,660,1,0,1458,0,0
2023-10,660,1,1,2736,3,0
2023-10,660,2,0,215,0,0
2023-10,660,2,1,204,0,0
2023-10,670,1,0,1778,1,0
2023-10,670,1,1,3037,4,0
2023-10,670,2,0,264,0,0
2023-10,670,2,1,242,0,0
2023-10,680,1,0,767,0,0
2023-10,680,1,1,4254,3,0
2023-10,680,2,0,126,0,0
2023-10,680,2,1,492,0,0
2023-10,690,1,0,962,0,0
2023-10,690,1,1,4914,8,0
2023-10,690,2,0,161,0,0
2023-10,690,2,1,546,0,0
2023-10,700,1,0,3171,0,0
2023-10,700,1,1,8878,4,0
2023-10,700,2,0,371,0,0
2023-10,700,2,1,914,1,0
2023-10,710,1,0,3169,0,0
2023-10,710,1,1,8617,5,0
2023-10,710,2,0,411,0,0
2023-10,710,2,1,845,1,0
2023-10,720,1,0,4132,0,0
2023-10,720,1,1,9464,11,0
2023-10,720,2,0,518,1,0
2023-10,720,2,1,1170,0,0
2023-10,730,1,0,4368,1,0
2023-10,730,1,1,9309,8,0
2023-10,730,2,0,490,0,0
2023-10,730,2,1,1175,0,0
2023-10,740,1,0,3374,1,0
2023-10,740,1,1,12795,0,0
2023-10,740,2,0,564,0,0
2023-10,740,2,1,1753,0,0
2023-10,750,1,0,3321,0,0
2023-10,750,1,1,12359,1,0
2023-10,750,2,0,499,0,0
2023-10,750,2,1,1687,0,0
2023-10,760,1,0,3129,0,0
2023-10,760,1,1,11500,2,0
2023-10,760,2,0,512,0,0
2023-10,760,2,1,1544,1,0
2023-10,770,1,0,3257,0,0
2023-10,770,1,1,11455,1,0
2023-10,770,2,0,437,0,0
2023-10,770,2,1,1523,0,0
2023-10,780,1,0,3334,0,0
2023-10,780,1,1,11477,1,0
2023-10,780,2,0,494,0,0
2023-10,780,2,1,1539,0,0
2023-10,790,1,0,3469,0,0
2023-10,790,1,1,11517,4,0
2023-10,790,2,0,491,0,0
2023-10,790,2,1,1416,1,0
2023-10,800,1,0,3593,0,0
2023-10,800,1,1,12027,0,0
2023-10,800,2,0,467,0,0
2023-10,800,2,1,1499,0,0
2023-10,810,1,0,3712,0,0
2023-10,810,1,1,11847,0,0
2023-10,810,2,0,481,0,0
2023-10,810,2,1,1419,0,0
2023-10,820,1,0,3902,0,0
2023-10,820,1,1,12078,0,0
2023-10,820,2,0,464,0,0
2023-10,820,2,1,1511,0,0
2023-10,830,1,0,3751,0,0
2023-10,830,1,1,11846,2,0
2023-10,830,2,0,477,0,0
2023-10,830,2,1,1389,0,0
2023-10,840,1,0,3414,0,0
2023-10,840,1,1,11294,0,0
2023-10,840,2,0,398,0,0
2023-10,840,2,1,1238,0,0
2023-10,850,1,0,3432,0,0
2023-10,850,1,1,11012,0,0
2023-10,850,2,0,480,0,0
2023-10,850,2,1,1307,1,0
2023-10,860,1,0,2611,0,0
2023-10,860,1,1,8462,1,0
2023-10,860,2,0,354,0,0
2023-10,860,2,1,976,0,0
2023-10,870,1,0,1945,0,0
2023-10,870,1,1,6379,0,0
2023-10,870,2,0,269,0,0
2023-10,870,2,1,719,0,0
2023-10,880,1,0,983,0,0
2023-10,880,1,1,3129,0,0
2023-10,880,2,0,135,0,0
2023-10,880,2,1,382,0,0
2023-10,890,1,0,425,0,0
2023-10,890,1,1,1327,0,0
2023-10,890,2,0,61,0,0
2023-10,890,2,1,179,0,0
2023-11,660,1,0,1438,1,0
2023-11,660,1,1,2654,3,0
2023-11,660,2,0,212,0,0
2023-11,660,2,1,197,0,0
2023-11,670,1,0,1759,0,0
2023-11,670,1,1,2950,1,0
2023-11,670,2,0,261,0,0
2023-11,670,2,1,235,0,0
2023-11,680,1,0,760,0,0
2023-11,680,1,1,4143,0,0
2023-11,680,2,0,126,0,0
2023-11,680,2,1,480,0,0
2023-11,690,1,0,955,0,0
2023-11,690,1,1,4794,1,0
2023-11,690,2,0,159,0,0
2023-11,690,2,1,531,0,0
2023-11,700,1,0,3140,0,0
2023-11,700,1,1,8663,2,0
2023-11,700,2,0,366,0,0
2023-11,700,2,1,879,0,0
2023-11,710,1,0,3133,0,0
2023-11,710,1,1,8431,7,0
2023-11,710,2,0,406,0,0
2023-11,710,2,1,822,0,0
2023-11,720,1,0,4085,0,0
2023-11,720,1,1,9251,5,0
2023-11,720,2,0,513,0,0
2023-11,720,2,1,1130,0,0
2023-11,730,1,0,4323,0,0
2023-11,730,1,1,9118,1,0
2023-11,730,2,0,486,0,0
2023-11,730,2,1,1142,0,0
2023-11,740,1,0,3327,0,0
2023-11,740,1,1,12475,3,0
2023-11,740,2,0,556,0,0
2023-11,740,2,1,1695,0,0
2023-11,750,1,0,3283,1,0
2023-11,750,1,1,12061,1,0
2023-11,750,2,0,495,0,0
2023-11,750,2,1,1626,0,0
2023-11,760,1,0,3097,0,0
2023-11,760,1,1,11228,2,0
2023-11,760,2,0,509,0,0
2023-11,760,2,1,1491,0,0
2023-11,770,1,0,3226,1,0
2023-11,770,1,1,11186,1,0
2023-11,770,2,0,429,0,0
2023-11,770,2,1,1471,0,0
2023-11,780,1,0,3291,0,0
2023-11,780,1,1,11233,4,0
2023-11,780,2,0,489,0,0
2023-11,780,2,1,1472,0,0
2023-11,790,1,0,3432,0,0
2023-11,790,1,1,11249,2,0
2023-11,790,2,0,486,0,0
2023-11,790,2,1,1359,0,0
2023-11,800,1,0,3545,0,0
2023-11,800,1,1,11732,1,0
2023-11,800,2,0,462,0,0
2023-11,800,2,1,1426,0,0
2023-11,810,1,0,3670,0,0
2023-11,810,1,1,11581,1,0
2023-11,810,2,0,474,0,0
2023-11,810,2,1,1356,0,0
2023-11,820,1,0,3861,0,0
2023-11,820,1,1,11822,0,0
2023-11,820,2,0,458,0,0
2023-11,820,2,1,1452,0,0
2023-11,830,1,0,3695,0,0
2023-11,830,1,1,11558,1,0
2023-11,830,2,0,471,0,0
2023-11,830,2,1,1346,0,0
2023-11,840,1,0,3378,0,0
2023-11,840,1,1,11019,0,0
2023-11,840,2,0,392,0,0
2023-11,840,2,1,1198,0,0
2023-11,850,1,0,3402,0,0
2023-11,850,1,1,10765,1,0
2023-11,850,2,0,474,0,0
2023-11,850,2,1,1257,0,0
2023-11,860,1,0,2581,0,0
2023-11,860,1,1,8271,0,0
2023-11,860,2,0,351,0,0
2023-11,860,2,1,936,0,0
2023-11,870,1,0,1926,0,0
2023-11,870,1,1,6249,0,0
2023-11,870,2,0,267,0,0
2023-11,870,2,1,704,0,0
2023-11,880,1,0,978,0,0
2023-11,880,1,1,3068,0,0
2023-11,880,2,0,134,0,0
2023-11,880,2,1,375,0,0
2023-11,890,1,0,423,0,0
2023-11,890,1,1,1300,0,0
2023-11,890,2,0,61,0,0
2023-11,890,2,1,168,0,0
2023-12,660,1,0,1421,0,0
2023-12,660,1,1,2593,4,0
2023-12,660,2,0,209,0,0
2023-12,660,2,1,192,1,0
2023-12,670,1,0,1738,1,0
2023-12,670,1,1,2881,2,0
2023-12,670,2,0,260,2,0
2023-12,670,2,1,228,0,0
2023-12,680,1,0,751,1,0
2023-12,680,1,1,4049,7,0
2023-12,680,2,0,122,0,0
2023-12,680,2,1,463,0,0
2023-12,690,1,0,947,0,0
2023-12,690,1,1,4684,1,0
2023-12,690,2,0,157,0,0
2023-12,690,2,1,519,0,0
2023-12,700,1,0,3104,0,0
2023-12,700,1,1,8483,6,0
2023-12,700,2,0,363,0,0
2023-12,700,2,1,853,1,0
2023-12,710,1,0,3096,0,0
2023-12,710,1,1,8255,5,0
2023-12,710,2,0,404,0,0
2023-12,710,2,1,796,0,0
2023-12,720,1,0,4041,1,0
2023-12,720,1,1,9054,5,0
2023-12,720,2,0,508,0,0
2023-12,720,2,1,1092,0,0
2023-12,730,1,0,4268,2,0
2023-12,730,1,1,8937,5,0
2023-12,730,2,0,484,0,0
2023-12,730,2,1,1091,0,0
2023-12,740,1,0,3295,0,0
2023-12,740,1,1,12153,8,0
2023-12,740,2,0,550,0,0
2023-12,740,2,1,1634,0,0
2023-12,750,1,0,3244,2,0
2023-12,750,1,1,11822,3,0
2023-12,750,2,0,489,0,0
2023-12,750,2,1,1583,0,0
2023-12,760,1,0,3069,1,0
2023-12,760,1,1,10969,5,0
2023-12,760,2,0,501,0,0
2023-12,760,2,1,1438,0,0
2023-12,770,1,0,3182,0,0
2023-12,770,1,1,10944,2,0
2023-12,770,2,0,421,0,0
2023-12,770,2,1,1428,0,0
2023-12,780,1,0,3249,0,0
2023-12,780,1,1,10989,3,0
2023-12,780,2,0,480,0,0
2023-12,780,2,1,1426,1,0
2023-12,790,1,0,3394,0,0
2023-12,790,1,1,10986,1,0
2023-12,790,2,0,485,0,0
2023-12,790,2,1,1310,1,0
2023-12,800,1,0,3508,0,0
2023-12,800,1,1,11481,3,0
2023-12,800,2,0,456,0,0
2023-12,800,2,1,1391,0,0
2023-12,810,1,0,3625,0,0
2023-12,810,1,1,11330,0,0
2023-12,810,2,0,466,1,0
2023-12,810,2,1,1308,0,0
2023-12,820,1,0,3827,0,0
2023-12,820,1,1,11558,0,0
2023-12,820,2,0,450,0,0
2023-12,820,2,1,1411,0,0
2023-12,830,1,0,3650,0,0
2023-12,830,1,1,11291,0,0
2023-12,830,2,0,467,0,0
2023-12,830,2,1,1299,0,0
2023-12,840,1,0,3327,0,0
2023-12,840,1,1,10797,1,0
2023-12,840,2,0,384,0,0
2023-12,840,2,1,1155,0,0
2023-12,850,1,0,3365,0,0
2023-12,850,1,1,10555,3,0
2023-12,850,2,0,465,0,0
2023-12,850,2,1,1217,0,0
2023-12,860,1,0,2546,0,0
2023-12,860,1,1,8107,0,0
2023-12,860,2,0,349,0,0
2023-12,860,2,1,908,0,0
2023-12,870,1,0,1905,0,0
2023-12,870,1,1,6112,0,0
2023-12,870,2,0,263,0,0
2023-12,870,2,1,686,0,0
2023-12,880,1,0,969,0,0
2023-12,880,1,1,3016,1,0
2023-12,880,2,0,133,0,0
2023-12,880,2,1,361,0,0
2023-12,890,1,0,420,0,0
2023-12,890,1,1,1279,0,0
2023-12,890,2,0,61,0,0
2023-12,890,2,1,161,0,0
2024-01,660,1,0,1406,0,0
2024-01,660,1,1,2531,4,0
2024-01,660,2,0,203,0,0
2024-01,660,2,1,187,0,0
2024-01,670,1,0,1713,0,0
2024-01,670,1,1,2821,5,0
2024-01,670,2,0,256,0,0
2024-01,670,2,1,219,0,0
2024-01,680,1,0,746,0,0
2024-01,680,1,1,3957,5,0
2024-01,680,2,0,122,0,0
2024-01,680,2,1,449,0,0
2024-01,690,1,0,933,0,0
2024-01,690,1,1,4589,2,0
2024-01,690,2,0,154,0,0
2024-01,690,2,1,504,0,0
2024-01,700,1,0,3077,0,0
2024-01,700,1,1,8336,4,0
2024-01,700,2,0,359,0,0
2024-01,700,2,1,827,0,0
2024-01,710,1,0,3063,2,0
2024-01,710,1,1,8092,5,0
2024-01,710,2,0,398,0,0
2024-01,710,2,1,766,0,0
2024-01,720,1,0,3991,1,0
2024-01,720,1,1,8844,7,0
2024-01,720,2,0,503,0,0
2024-01,720,2,1,1048,0,0
2024-01,730,1,0,4208,0,0
2024-01,730,1,1,8751,4,0
2024-01,730,2,0,482,0,0
2024-01,730,2,1,1053,0,0
2024-01,740,1,0,3250,1,0
2024-01,740,1,1,11877,7,0
2024-01,740,2,0,543,1,0
2024-01,740,2,1,1570,3,0
2024-01,750,1,0,3193,1,0
2024-01,750,1,1,11566,3,0
2024-01,750,2,0,486,0,0
2024-01,750,2,1,1539,0,0
2024-01,760,1,0,3042,0,0
2024-01,760,1,1,10707,3,0
2024-01,760,2,0,488,0,0
2024-01,760,2,1,1384,0,0
2024-01,770,1,0,3152,1,0
2024-01,770,1,1,10722,1,0
2024-01,770,2,0,417,0,0
2024-01,770,2,1,1378,1,0
2024-01,780,1,0,3216,0,0
2024-01,780,1,1,10715,4,0
2024-01,780,2,0,472,1,0
2024-01,780,2,1,1356,0,0
2024-01,790,1,0,3345,0,0
2024-01,790,1,1,10756,4,0
2024-01,790,2,0,480,0,0
2024-01,790,2,1,1274,0,0
2024-01,800,1,0,3475,1,0
2024-01,800,1,1,11196,1,0
2024-01,800,2,0,453,0,0
2024-01,800,2,1,1339,0,0
2024-01,810,1,0,3576,1,0
2024-01,810,1,1,11057,2,0
2024-01,810,2,0,460,0,0
2024-01,810,2,1,1268,0,0
2024-01,820,1,0,3774,0,0
2024-01,820,1,1,11309,2,0
2024-01,820,2,0,445,0,0
2024-01,820,2,1,1353,0,0
2024-01,830,1,0,3604,0,0
2024-01,830,1,1,11009,0,0
2024-01,830,2,0,461,0,0
2024-01,830,2,1,1252,0,0
2024-01,840,1,0,3286,0,0
2024-01,840,1,1,10556,0,0
2024-01,840,2,0,379,0,0
2024-01,840,2,1,1116,0,0
2024-01,850,1,0,3314,0,0
2024-01,850,1,1,10288,2,0
2024-01,850,2,0,458,0,0
2024-01,850,2,1,1178,0,0
2024-01,860,1,0,2512,0,0
2024-01,860,1,1,7936,0,0
2024-01,860,2,0,340,0,0
2024-01,860,2,1,877,0,0
2024-01,870,1,0,1893,0,0
2024-01,870,1,1,5985,1,0
2024-01,870,2,0,262,0,0
2024-01,870,2,1,665,0,0
2024-01,880,1,0,959,0,0
2024-01,880,1,1,2957,0,0
2024-01,880,2,0,132,0,0
2024-01,880,2,1,350,0,0
2024-01,890,1,0,414,0,0
2024-01,890,1,1,1239,0,0
2024-01,890,2,0,61,0,0
2024-01,890,2,1,156,0,0
2024-02,660,1,0,1383,2,0
2024-02,660,1,1,2184,0,0
2024-02,660,2,0,198,0,0
2024-02,660,2,1,174,0,0
2024-02,670,1,0,1685,1,0
2024-02,670,1,1,2505,0,0
2024-02,670,2,0,253,0,0
2024-02,670,2,1,204,1,0
2024-02,680,1,0,728,0,0
2024-02,680,1,1,3461,2,0
2024-02,680,2,0,120,0,0
2024-02,680,2,1,435,0,0
2024-02,690,1,0,915,0,0
2024-02,690,1,1,4085,0,0
2024-02,690,2,0,154,0,0
2024-02,690,2,1,488,0,0
2024-02,700,1,0,3022,1,0
2024-02,700,1,1,7343,7,0
2024-02,700,2,0,355,0,0
2024-02,700,2,1,802,0,0
2024-02,710,1,0,2999,2,0
2024-02,710,1,1,7294,2,0
2024-02,710,2,0,394,0,0
2024-02,710,2,1,736,0,0
2024-02,720,1,0,3911,0,0
2024-02,720,1,1,7493,2,0
2024-02,720,2,0,498,0,0
2024-02,720,2,1,1011,0,0
2024-02,730,1,0,4106,0,0
2024-02,730,1,1,7563,2,0
2024-02,730,2,0,474,0,0
2024-02,730,2,1,1006,1,0
2024-02,740,1,0,3179,2,0
2024-02,740,1,1,10822,1,0
2024-02,740,2,0,532,1,0
2024-02,740,2,1,1406,0,0
2024-02,750,1,0,3115,1,0
2024-02,750,1,1,10577,3,0
2024-02,750,2,0,477,0,0
2024-02,750,2,1,1386,1,0
2024-02,760,1,0,2972,1,0
2024-02,760,1,1,9837,2,0
2024-02,760,2,0,483,0,0
2024-02,760,2,1,1266,0,0
2024-02,770,1,0,3083,0,0
2024-02,770,1,1,9927,2,0
2024-02,770,2,0,409,1,0
2024-02,770,2,1,1263,0,0
2024-02,780,1,0,3146,0,0
2024-02,780,1,1,9958,2,0
2024-02,780,2,0,464,0,0
2024-02,780,2,1,1255,0,0
2024-02,790,1,0,3266,0,0
2024-02,790,1,1,9956,0,0
2024-02,790,2,0,469,0,0
2024-02,790,2,1,1185,0,0
2024-02,800,1,0,3386,0,0
2024-02,800,1,1,10345,0,0
2024-02,800,2,0,448,0,0
2024-02,800,2,1,1244,1,0
2024-02,810,1,0,3499,0,0
2024-02,810,1,1,10302,2,0
2024-02,810,2,0,445,0,0
2024-02,810,2,1,1183,0,0
2024-02,820,1,0,3690,1,0
2024-02,820,1,1,10496,1,0
2024-02,820,2,0,431,0,0
2024-02,820,2,1,1266,0,0
2024-02,830,1,0,3522,0,0
2024-02,830,1,1,10198,1,0
2024-02,830,2,0,450,0,0
2024-02,830,2,1,1160,0,0
2024-02,840,1,0,3227,0,0
2024-02,840,1,1,9778,0,0
2024-02,840,2,0,372,0,0
2024-02,840,2,1,1025,0,0
2024-02,850,1,0,3244,0,0
2024-02,850,1,1,9475,0,0
2024-02,850,2,0,449,0,0
2024-02,850,2,1,1111,0,0
2024-02,860,1,0,2455,0,0
2024-02,860,1,1,7329,1,0
2024-02,860,2,0,335,0,0
2024-02,860,2,1,813,0,0
2024-02,870,1,0,1852,0,0
2024-02,870,1,1,5487,0,0
2024-02,870,2,0,257,0,0
2024-02,870,2,1,619,0,0
2024-02,880,1,0,936,0,0
2024-02,880,1,1,2704,0,0
2024-02,880,2,0,127,0,0
2024-02,880,2,1,334,0,0
2024-02,890,1,0,407,0,0
2024-02,890,1,1,1119,0,0
2024-02,890,2,0,59,0,0
2024-02,890,2,1,147,0,0
2024-03,660,1,1,3489,2,0
2024-03,660,2,1,367,0,0
2024-03,670,1,1,4096,0,0
2024-03,670,2,1,445,0,0
2024-03,680,1,1,4080,3,0
2024-03,680,2,1,536,0,0
2024-03,690,1,1,4889,2,0
2024-03,690,2,1,618,0,0
2024-03,700,1,1,10152,2,0
2024-03,700,2,1,1116,0,0
2024-03,710,1,1,10086,0,0
2024-03,710,2,1,1110,0,0
2024-03,720,1,1,11134,5,0
2024-03,720,2,1,1470,0,0
2024-03,730,1,1,11421,3,0
2024-03,730,2,1,1429,0,0
2024-03,740,1,1,13726,5,0
2024-03,740,2,1,1888,1,0
2024-03,750,1,1,13401,3,0
2024-03,750,2,1,1796,0,0
2024-03,760,1,1,12557,3,0
2024-03,760,2,1,1695,0,0
2024-03,770,1,1,12736,2,0
2024-03,770,2,1,1615,0,0
2024-03,780,1,1,12863,1,0
2024-03,780,2,1,1672,0,0
2024-03,790,1,1,12923,1,0
2024-03,790,2,1,1610,1,0
2024-03,800,1,1,13472,2,0
2024-03,800,2,1,1642,0,0
2024-03,810,1,1,13527,2,0
2024-03,810,2,1,1574,0,0
2024-03,820,1,1,13896,0,0
2024-03,820,2,1,1647,0,0
2024-03,830,1,1,13425,2,0
2024-03,830,2,1,1566,0,0
2024-03,840,1,1,12752,1,0
2024-03,840,2,1,1358,0,0
2024-03,850,1,1,12453,0,0
2024-03,850,2,1,1511,0,0
2024-03,860,1,1,9596,1,0
2024-03,860,2,1,1115,0,0
2024-03,870,1,1,7192,0,0
2024-03,870,2,1,860,0,0
2024-03,880,1,1,3564,0,0
2024-03,880,2,1,444,0,0
2024-03,890,1,1,1497,0,0
2024-03,890,2,1,197,0,0
2024-04,660,1,1,3398,2,0
2024-04,660,2,1,358,0,0
2024-04,670,1,1,3995,2,0
2024-04,670,2,1,437,1,0
2024-04,680,1,1,3958,3,0
2024-04,680,2,1,518,0,0
2024-04,690,1,1,4751,0,0
2024-04,690,2,1,607,0,0
2024-04,700,1,1,9885,4,0
2024-04,700,2,1,1084,2,0
2024-04,710,1,1,9825,1,0
2024-04,710,2,1,1069,0,0
2024-04,720,1,1,10827,3,0
2024-04,720,2,1,1416,0,0
2024-04,730,1,1,11159,1,0
2024-04,730,2,1,1382,1,0
2024-04,740,1,1,13392,4,0
2024-04,740,2,1,1833,0,0
2024-04,750,1,1,13060,1,0
2024-04,750,2,1,1735,0,0
2024-04,760,1,1,12255,1,0
2024-04,760,2,1,1638,1,0
2024-04,770,1,1,12421,0,0
2024-04,770,2,1,1558,0,0
2024-04,780,1,1,12536,1,0
2024-04,780,2,1,1620,0,0
2024-04,790,1,1,12622,1,0
2024-04,790,2,1,1556,1,0
2024-04,800,1,1,13141,1,0
2024-04,800,2,1,1610,0,0
2024-04,810,1,1,13206,5,0
2024-04,810,2,1,1508,0,0
2024-04,820,1,1,13559,0,0
2024-04,820,2,1,1594,0,0
2024-04,830,1,1,13110,1,0
2024-04,830,2,1,1513,0,0
2024-04,840,1,1,12438,0,0
2024-04,840,2,1,1315,0,0
2024-04,850,1,1,12181,2,0
2024-04,850,2,1,1465,0,0
2024-04,860,1,1,9374,0,0
2024-04,860,2,1,1076,0,0
2024-04,870,1,1,7012,0,0
2024-04,870,2,1,823,0,0
2024-04,880,1,1,3488,0,0
2024-04,880,2,1,433,0,0
2024-04,890,1,1,1464,0,0
2024-04,890,2,1,195,0,0
2024-05,660,1,0,417,1,0
2024-05,660,1,1,3052,2,0
2024-05,660,2,0,99,0,0
2024-05,660,2,1,336,0,0
2024-05,670,1,0,494,0,0
2024-05,670,1,1,3652,1,0
2024-05,670,2,0,110,0,0
2024-05,670,2,1,418,0,0
2024-05,680,1,0,1193,0,0
2024-05,680,1,1,3504,0,0
2024-05,680,2,0,221,0,0
2024-05,680,2,1,481,0,0
2024-05,690,1,0,1361,0,0
2024-05,690,1,1,4317,1,0
2024-05,690,2,0,259,0,0
2024-05,690,2,1,578,0,0
2024-05,700,1,0,2384,1,0
2024-05,700,1,1,9238,8,0
2024-05,700,2,0,397,0,0
2024-05,700,2,1,1039,0,0
2024-05,710,1,0,2421,1,0
2024-05,710,1,1,9258,4,0
2024-05,710,2,0,397,0,0
2024-05,710,2,1,1022,0,0
2024-05,720,1,0,3147,0,0
2024-05,720,1,1,10011,4,0
2024-05,720,2,0,366,0,0
2024-05,720,2,1,1341,0,0
2024-05,730,1,0,3116,1,0
2024-05,730,1,1,10430,4,0
2024-05,730,2,0,377,0,0
2024-05,730,2,1,1325,0,0
2024-05,740,1,0,3174,0,0
2024-05,740,1,1,12320,5,0
2024-05,740,2,0,505,0,0
2024-05,740,2,1,1697,0,0
2024-05,750,1,0,3057,0,0
2024-05,750,1,1,12034,4,0
2024-05,750,2,0,441,0,0
2024-05,750,2,1,1603,0,0
2024-05,760,1,0,2963,0,0
2024-05,760,1,1,11346,3,0
2024-05,760,2,0,417,0,0
2024-05,760,2,1,1518,0,0
2024-05,770,1,0,3126,0,0
2024-05,770,1,1,11566,2,0
2024-05,770,2,0,413,0,0
2024-05,770,2,1,1450,0,0
2024-05,780,1,0,3212,0,0
2024-05,780,1,1,11620,0,0
2024-05,780,2,0,408,0,0
2024-05,780,2,1,1523,0,0
2024-05,790,1,0,3227,0,0
2024-05,790,1,1,11777,1,0
2024-05,790,2,0,389,0,0
2024-05,790,2,1,1437,0,0
2024-05,800,1,0,3631,0,0
2024-05,800,1,1,12213,0,0
2024-05,800,2,0,401,0,0
2024-05,800,2,1,1508,0,0
2024-05,810,1,0,3469,0,0
2024-05,810,1,1,12323,1,0
2024-05,810,2,0,413,0,0
2024-05,810,2,1,1405,0,0
2024-05,820,1,0,3495,0,0
2024-05,820,1,1,12701,0,0
2024-05,820,2,0,427,0,0
2024-05,820,2,1,1473,0,0
2024-05,830,1,0,3281,0,0
2024-05,830,1,1,12200,0,0
2024-05,830,2,0,394,0,0
2024-05,830,2,1,1412,0,0
2024-05,840,1,0,3137,0,0
2024-05,840,1,1,11598,1,0
2024-05,840,2,0,376,0,0
2024-05,840,2,1,1233,0,0
2024-05,850,1,0,3083,0,0
2024-05,850,1,1,11350,1,0
2024-05,850,2,0,387,0,0
2024-05,850,2,1,1364,0,0
2024-05,860,1,0,2351,0,0
2024-05,860,1,1,8694,1,0
2024-05,860,2,0,290,0,0
2024-05,860,2,1,989,0,0
2024-05,870,1,0,1696,0,0
2024-05,870,1,1,6503,0,0
2024-05,870,2,0,219,0,0
2024-05,870,2,1,778,0,0
2024-05,880,1,0,921,0,0
2024-05,880,1,1,3246,0,0
2024-05,880,2,0,120,0,0
2024-05,880,2,1,402,0,0
2024-05,890,1,0,364,0,0
2024-05,890,1,1,1373,0,0
2024-05,890,2,0,47,0,0
2024-05,890,2,1,177,0,0
2024-06,660,1,0,410,0,0
2024-06,660,1,1,2981,2,0
2024-06,660,2,0,98,0,0
2024-06,660,2,1,325,0,0
2024-06,670,1,0,491,0,0
2024-06,670,1,1,3578,0,0
2024-06,670,2,0,110,0,0
2024-06,670,2,1,404,0,0
2024-06,680,1,0,1184,0,0
2024-06,680,1,1,3423,1,0
2024-06,680,2,0,218,0,0
2024-06,680,2,1,460,0,0
2024-06,690,1,0,1345,0,0
2024-06,690,1,1,4222,0,0
2024-06,690,2,0,257,0,0
2024-06,690,2,1,561,0,0
2024-06,700,1,0,2357,0,0
2024-06,700,1,1,9041,5,0
2024-06,700,2,0,392,0,0
2024-06,700,2,1,995,1,0
2024-06,710,1,0,2384,0,0
2024-06,710,1,1,9063,1,0
2024-06,710,2,0,391,0,0
2024-06,710,2,1,988,0,0
2024-06,720,1,0,3107,0,0
2024-06,720,1,1,9783,4,0
2024-06,720,2,0,364,0,0
2024-06,720,2,1,1280,0,0
2024-06,730,1,0,3070,0,0
2024-06,730,1,1,10168,2,0
2024-06,730,2,0,369,0,0
2024-06,730,2,1,1274,0,0
2024-06,740,1,0,3129,1,0
2024-06,740,1,1,12030,2,0
2024-06,740,2,0,498,0,0
2024-06,740,2,1,1638,2,0
2024-06,750,1,0,3018,0,0
2024-06,750,1,1,11789,2,0
2024-06,750,2,0,440,0,0
2024-06,750,2,1,1546,0,0
2024-06,760,1,0,2926,0,0
2024-06,760,1,1,11115,1,0
2024-06,760,2,0,414,0,0
2024-06,760,2,1,1482,1,0
2024-06,770,1,0,3080,0,0
2024-06,770,1,1,11324,2,0
2024-06,770,2,0,408,0,0
2024-06,770,2,1,1395,0,0
2024-06,780,1,0,3168,0,0
2024-06,780,1,1,11357,1,0
2024-06,780,2,0,402,0,0
2024-06,780,2,1,1477,0,0
2024-06,790,1,0,3198,0,0
2024-06,790,1,1,11506,3,0
2024-06,790,2,0,385,0,0
2024-06,790,2,1,1401,0,0
2024-06,800,1,0,3576,0,0
2024-06,800,1,1,11893,0,0
2024-06,800,2,0,395,0,0
2024-06,800,2,1,1453,0,0
2024-06,810,1,0,3417,0,0
2024-06,810,1,1,12054,0,0
2024-06,810,2,0,406,0,0
2024-06,810,2,1,1362,0,0
2024-06,820,1,0,3452,0,0
2024-06,820,1,1,12425,1,0
2024-06,820,2,0,422,0,0
2024-06,820,2,1,1438,0,0
2024-06,830,1,0,3239,0,0
2024-06,830,1,1,11930,1,0
2024-06,830,2,0,387,0,0
2024-06,830,2,1,1362,0,0
2024-06,840,1,0,3091,0,0
2024-06,840,1,1,11322,0,0
2024-06,840,2,0,370,0,0
2024-06,840,2,1,1195,0,0
2024-06,850,1,0,3043,0,0
2024-06,850,1,1,11083,0,0
2024-06,850,2,0,384,0,0
2024-06,850,2,1,1325,0,0
2024-06,860,1,0,2319,0,0
2024-06,860,1,1,8510,1,0
2024-06,860,2,0,287,0,0
2024-06,860,2,1,956,0,0
2024-06,870,1,0,1671,0,0
2024-06,870,1,1,6338,0,0
2024-06,870,2,0,217,0,0
2024-06,870,2,1,755,0,0
2024-06,880,1,0,911,0,0
2024-06,880,1,1,3171,0,0
2024-06,880,2,0,119,0,0
2024-06,880,2,1,395,0,0
2024-06,890,1,0,361,0,0
2024-06,890,1,1,1346,0,0
2024-06,890,2,0,47,0,0
2024-06,890,2,1,172,0,0
2024-07,660,1,0,408,0,0
2024-07,660,1,1,2919,3,0
2024-07,660,2,0,97,0,0
2024-07,660,2,1,316,0,0
2024-07,670,1,0,485,0,0
2024-07,670,1,1,3514,1,0
2024-07,670,2,0,109,0,0
2024-07,670,2,1,393,0,0
2024-07,680,1,0,1168,1,0
2024-07,680,1,1,3362,0,0
2024-07,680,2,0,214,1,0
2024-07,680,2,1,450,1,0
2024-07,690,1,0,1331,0,0
2024-07,690,1,1,4123,0,0
2024-07,690,2,0,255,0,0
2024-07,690,2,1,555,0,0
2024-07,700,1,0,2325,0,0
2024-07,700,1,1,8860,6,0
2024-07,700,2,0,389,0,0
2024-07,700,2,1,959,0,0
2024-07,710,1,0,2359,0,0
2024-07,710,1,1,8875,6,0
2024-07,710,2,0,387,0,0
2024-07,710,2,1,956,0,0
2024-07,720,1,0,3068,1,0
2024-07,720,1,1,9564,7,0
2024-07,720,2,0,363,0,0
2024-07,720,2,1,1222,1,0
2024-07,730,1,0,3037,1,0
2024-07,730,1,1,9945,4,0
2024-07,730,2,0,363,0,0
2024-07,730,2,1,1230,0,0
2024-07,740,1,0,3095,1,0
2024-07,740,1,1,11723,6,0
2024-07,740,2,0,494,1,0
2024-07,740,2,1,1582,1,0
2024-07,750,1,0,2975,0,0
2024-07,750,1,1,11524,6,0
2024-07,750,2,0,434,0,0
2024-07,750,2,1,1504,0,0
2024-07,760,1,0,2887,2,0
2024-07,760,1,1,10855,0,0
2024-07,760,2,0,406,0,0
2024-07,760,2,1,1428,0,0
2024-07,770,1,0,3043,0,0
2024-07,770,1,1,11062,2,0
2024-07,770,2,0,401,0,0
2024-07,770,2,1,1359,0,0
2024-07,780,1,0,3116,3,0
2024-07,780,1,1,11103,0,0
2024-07,780,2,0,400,0,0
2024-07,780,2,1,1435,2,0
2024-07,790,1,0,3149,0,0
2024-07,790,1,1,11259,0,0
2024-07,790,2,0,372,0,0
2024-07,790,2,1,1364,0,0
2024-07,800,1,0,3533,0,0
2024-07,800,1,1,11634,1,0
2024-07,800,2,0,389,0,0
2024-07,800,2,1,1404,0,0
2024-07,810,1,0,3373,1,0
2024-07,810,1,1,11796,0,0
2024-07,810,2,0,401,0,0
2024-07,810,2,1,1314,0,0
2024-07,820,1,0,3416,0,0
2024-07,820,1,1,12153,1,0
2024-07,820,2,0,411,0,0
2024-07,820,2,1,1394,0,0
2024-07,830,1,0,3187,0,0
2024-07,830,1,1,11667,1,0
2024-07,830,2,0,383,0,0
2024-07,830,2,1,1318,2,0
2024-07,840,1,0,3054,1,0
2024-07,840,1,1,11021,1,0
2024-07,840,2,0,362,0,0
2024-07,840,2,1,1161,1,0
2024-07,850,1,0,3012,0,0
2024-07,850,1,1,10819,0,0
2024-07,850,2,0,376,0,0
2024-07,850,2,1,1285,0,0
2024-07,860,1,0,2297,1,0
2024-07,860,1,1,8313,0,0
2024-07,860,2,0,286,0,0
2024-07,860,2,1,925,0,0
2024-07,870,1,0,1654,0,0
2024-07,870,1,1,6179,1,0
2024-07,870,2,0,213,0,0
2024-07,870,2,1,730,0,0
2024-07,880,1,0,895,0,0
2024-07,880,1,1,3104,0,0
2024-07,880,2,0,117,0,0
2024-07,880,2,1,386,0,0
2024-07,890,1,0,359,0,0
2024-07,890,1,1,1318,0,0
2024-07,890,2,0,47,0,0
2024-07,890,2,1,168,0,0
2024-08,660,1,0,398,0,0
2024-08,660,1,1,2846,2,0
2024-08,660,2,0,96,0,0
2024-08,660,2,1,309,0,0
2024-08,670,1,0,472,0,0
2024-08,670,1,1,3439,3,0
2024-08,670,2,0,107,0,0
2024-08,670,2,1,380,1,0
2024-08,680,1,0,1149,0,0
2024-08,680,1,1,3285,4,0
2024-08,680,2,0,212,0,0
2024-08,680,2,1,432,0,0
2024-08,690,1,0,1310,0,0
2024-08,690,1,1,4030,2,0
2024-08,690,2,0,253,0,0
2024-08,690,2,1,530,0,0
2024-08,700,1,0,2291,2,0
2024-08,700,1,1,8630,5,0
2024-08,700,2,0,385,0,0
2024-08,700,2,1,917,0,0
2024-08,710,1,0,2318,0,0
2024-08,710,1,1,8662,4,0
2024-08,710,2,0,383,0,0
2024-08,710,2,1,914,1,0
2024-08,720,1,0,3027,1,0
2024-08,720,1,1,9280,6,0
2024-08,720,2,0,360,0,0
2024-08,720,2,1,1167,1,0
2024-08,730,1,0,2991,1,0
2024-08,730,1,1,9682,5,0
2024-08,730,2,0,358,0,0
2024-08,730,2,1,1193,0,0
2024-08,740,1,0,3045,1,0
2024-08,740,1,1,11423,9,0
2024-08,740,2,0,490,0,0
2024-08,740,2,1,1524,0,0
2024-08,750,1,0,2923,3,0
2024-08,750,1,1,11209,5,0
2024-08,750,2,0,429,0,0
2024-08,750,2,1,1454,0,0
2024-08,760,1,0,2845,1,0
2024-08,760,1,1,10567,3,0
2024-08,760,2,0,403,0,0
2024-08,760,2,1,1376,2,0
2024-08,770,1,0,3000,0,0
2024-08,770,1,1,10731,0,0
2024-08,770,2,0,399,0,0
2024-08,770,2,1,1304,0,0
2024-08,780,1,0,3053,0,0
2024-08,780,1,1,10778,4,0
2024-08,780,2,0,394,1,0
2024-08,780,2,1,1386,0,0
2024-08,790,1,0,3092,0,0
2024-08,790,1,1,10943,4,0
2024-08,790,2,0,362,0,0
2024-08,790,2,1,1328,2,0
2024-08,800,1,0,3482,0,0
2024-08,800,1,1,11290,1,0
2024-08,800,2,0,381,0,0
2024-08,800,2,1,1356,0,0
2024-08,810,1,0,3334,1,0
2024-08,810,1,1,11457,0,0
2024-08,810,2,0,397,0,0
2024-08,810,2,1,1270,0,0
2024-08,820,1,0,3355,2,0
2024-08,820,1,1,11792,1,0
2024-08,820,2,0,409,2,0
2024-08,820,2,1,1335,0,0
2024-08,830,1,0,3143,0,0
2024-08,830,1,1,11338,0,0
2024-08,830,2,0,374,0,0
2024-08,830,2,1,1274,0,0
2024-08,840,1,0,3010,1,0
2024-08,840,1,1,10675,2,0
2024-08,840,2,0,357,0,0
2024-08,840,2,1,1109,0,0
2024-08,850,1,0,2970,1,0
2024-08,850,1,1,10509,0,0
2024-08,850,2,0,370,0,0
2024-08,850,2,1,1233,0,0
2024-08,860,1,0,2264,0,0
2024-08,860,1,1,8044,1,0
2024-08,860,2,0,282,0,0
2024-08,860,2,1,894,0,0
2024-08,870,1,0,1633,0,0
2024-08,870,1,1,5993,0,0
2024-08,870,2,0,211,0,0
2024-08,870,2,1,706,0,0
2024-08,880,1,0,879,0,0
2024-08,880,1,1,2999,0,0
2024-08,880,2,0,114,0,0
2024-08,880,2,1,373,0,0
2024-08,890,1,0,354,0,0
2024-08,890,1,1,1277,0,0
2024-08,890,2,0,47,0,0
2024-08,890,2,1,162,0,0
2024-09,660,1,0,395,0,0
2024-09,660,1,1,2538,5,0
2024-09,660,2,0,94,0,0
2024-09,660,2,1,301,0,0
2024-09,670,1,0,462,0,0
2024-09,670,1,1,3123,3,0
2024-09,670,2,0,107,0,0
2024-09,670,2,1,367,0,0
2024-09,680,1,0,1130,2,0
2024-09,680,1,1,2989,3,0
2024-09,680,2,0,206,0,0
2024-09,680,2,1,414,0,0
2024-09,690,1,0,1293,1,0
2024-09,690,1,1,3716,2,0
2024-09,690,2,0,252,0,0
2024-09,690,2,1,515,1,0
2024-09,700,1,0,2246,1,0
2024-09,700,1,1,7971,4,0
2024-09,700,2,0,377,1,0
2024-09,700,2,1,746,2,0
2024-09,710,1,0,2281,1,0
2024-09,710,1,1,8054,3,0
2024-09,710,2,0,378,0,0
2024-09,710,2,1,764,0,0
2024-09,720,1,0,2979,1,0
2024-09,720,1,1,8523,4,0
2024-09,720,2,0,353,0,0
2024-09,720,2,1,914,1,0
2024-09,730,1,0,2945,5,0
2024-09,730,1,1,8955,3,0
2024-09,730,2,0,355,1,0
2024-09,730,2,1,940,0,0
2024-09,740,1,0,2984,1,0
2024-09,740,1,1,10351,7,0
2024-09,740,2,0,481,0,0
2024-09,740,2,1,1466,0,0
2024-09,750,1,0,2859,0,0
2024-09,750,1,1,10253,7,0
2024-09,750,2,0,426,0,0
2024-09,750,2,1,1396,2,0
2024-09,760,1,0,2799,0,0
2024-09,760,1,1,9681,2,0
2024-09,760,2,0,395,0,0
2024-09,760,2,1,1325,1,0
2024-09,770,1,0,2934,1,0
2024-09,770,1,1,9860,2,0
2024-09,770,2,0,396,1,0
2024-09,770,2,1,1264,0,0
2024-09,780,1,0,3005,1,0
2024-09,780,1,1,9911,3,0
2024-09,780,2,0,388,0,0
2024-09,780,2,1,1325,1,0
2024-09,790,1,0,3041,1,0
2024-09,790,1,1,10074,2,0
2024-09,790,2,0,356,0,0
2024-09,790,2,1,1288,0,0
2024-09,800,1,0,3411,0,0
2024-09,800,1,1,10363,3,0
2024-09,800,2,0,377,0,0
2024-09,800,2,1,1307,0,0
2024-09,810,1,0,3267,1,0
2024-09,810,1,1,10553,2,0
2024-09,810,2,0,393,0,0
2024-09,810,2,1,1223,0,0
2024-09,820,1,0,3287,0,0
2024-09,820,1,1,10833,0,0
2024-09,820,2,0,401,0,0
2024-09,820,2,1,1277,0,0
2024-09,830,1,0,3090,0,0
2024-09,830,1,1,10429,1,0
2024-09,830,2,0,368,0,0
2024-09,830,2,1,1228,0,0
2024-09,840,1,0,2961,0,0
2024-09,840,1,1,9836,0,0
2024-09,840,2,0,349,0,0
2024-09,840,2,1,1068,0,0
2024-09,850,1,0,2919,0,0
2024-09,850,1,1,9625,0,0
2024-09,850,2,0,364,0,0
2024-09,850,2,1,1193,0,0
2024-09,860,1,0,2219,0,0
2024-09,860,1,1,7366,0,0
2024-09,860,2,0,275,0,0
2024-09,860,2,1,853,0,0
2024-09,870,1,0,1604,0,0
2024-09,870,1,1,5471,0,0
2024-09,870,2,0,208,0,0
2024-09,870,2,1,685,0,0
2024-09,880,1,0,859,0,0
2024-09,880,1,1,2762,0,0
2024-09,880,2,0,113,0,0
2024-09,880,2,1,362,0,0
2024-09,890,1,0,352,0,0
2024-09,890,1,1,1167,0,0
2024-09,890,2,0,47,0,0
2024-09,890,2,1,156,0,0
2024-10,660,1,0,553,0,0
2024-10,660,1,1,2880,2,0
2024-10,660,2,0,48,0,0
2024-10,660,2,1,386,1,0
2024-10,670,1,0,643,0,0
2024-10,670,1,1,3512,5,0
2024-10,670,2,0,367,0,0
2024-10,670,2,1,463,0,0
2024-10,680,1,0,644,0,0
2024-10,680,1,1,4043,1,0
2024-10,680,2,0,409,0,0
2024-10,680,2,1,600,0,0
2024-10,690,1,0,725,0,0
2024-10,690,1,1,4882,1,0
2024-10,690,2,0,432,0,0
2024-10,690,2,1,744,0,0
2024-10,700,1,0,2000,0,0
2024-10,700,1,1,9985,7,0
2024-10,700,2,0,759,0,0
2024-10,700,2,1,1099,2,0
2024-10,710,1,0,2056,0,0
2024-10,710,1,1,10090,3,0
2024-10,710,2,0,768,0,0
2024-10,710,2,1,1123,1,0
2024-10,720,1,0,2029,0,0
2024-10,720,1,1,11244,2,0
2024-10,720,2,0,729,0,0
2024-10,720,2,1,1241,1,0
2024-10,730,1,0,2008,0,0
2024-10,730,1,1,11636,3,0
2024-10,730,2,0,708,0,0
2024-10,730,2,1,1260,0,0
2024-10,740,1,0,4120,0,0
2024-10,740,1,1,12991,3,0
2024-10,740,2,0,643,0,0
2024-10,740,2,1,1876,0,0
2024-10,750,1,0,3167,0,0
2024-10,750,1,1,12808,5,0
2024-10,750,2,0,542,0,0
2024-10,750,2,1,1756,1,0
2024-10,760,1,0,3011,1,0
2024-10,760,1,1,12153,2,0
2024-10,760,2,0,497,0,0
2024-10,760,2,1,1672,2,0
2024-10,770,1,0,3033,0,0
2024-10,770,1,1,12488,3,0
2024-10,770,2,0,468,0,0
2024-10,770,2,1,1604,1,0
2024-10,780,1,0,3112,0,0
2024-10,780,1,1,12586,2,0
2024-10,780,2,0,441,0,0
2024-10,780,2,1,1649,1,0
2024-10,790,1,0,3331,0,0
2024-10,790,1,1,12773,4,0
2024-10,790,2,0,342,0,0
2024-10,790,2,1,1581,0,0
2024-10,800,1,0,3542,0,0
2024-10,800,1,1,13383,2,0
2024-10,800,2,0,29,0,0
2024-10,800,2,1,1628,1,0
2024-10,810,1,0,3562,0,0
2024-10,810,1,1,13493,1,0
2024-10,810,2,1,1560,0,0
2024-10,820,1,0,3582,0,0
2024-10,820,1,1,13766,0,0
2024-10,820,2,1,1628,0,0
2024-10,830,1,0,3492,0,0
2024-10,830,1,1,13174,3,0
2024-10,830,2,1,1546,0,0
2024-10,840,1,0,3237,0,0
2024-10,840,1,1,12465,2,0
2024-10,840,2,1,1373,0,0
2024-10,850,1,0,3172,0,0
2024-10,850,1,1,12245,1,0
2024-10,850,2,1,1510,0,0
2024-10,860,1,0,2416,0,0
2024-10,860,1,1,9298,1,0
2024-10,860,2,1,1090,0,0
2024-10,870,1,0,1769,0,0
2024-10,870,1,1,6905,0,0
2024-10,870,2,1,871,0,0
2024-10,880,1,0,904,0,0
2024-10,880,1,1,3534,0,0
2024-10,880,2,1,463,0,0
2024-10,890,1,0,398,0,0
2024-10,890,1,1,1484,0,0
2024-10,890,2,1,201,0,0
2024-11,660,1,0,546,0,0
2024-11,660,1,1,2820,3,0
2024-11,660,2,0,47,0,0
2024-11,660,2,1,370,1,0
2024-11,670,1,0,633,0,0
2024-11,670,1,1,3420,5,0
2024-11,670,2,0,363,0,0
2024-11,670,2,1,448,1,0
2024-11,680,1,0,636,1,0
2024-11,680,1,1,3946,1,0
2024-11,680,2,0,406,0,0
2024-11,680,2,1,584,0,0
2024-11,690,1,0,719,1,0
2024-11,690,1,1,4774,4,0
2024-11,690,2,0,425,0,0
2024-11,690,2,1,719,0,0
2024-11,700,1,0,1979,0,0
2024-11,700,1,1,9709,2,0
2024-11,700,2,0,754,0,0
2024-11,700,2,1,1073,2,0
2024-11,710,1,0,2030,1,0
2024-11,710,1,1,9862,9,0
2024-11,710,2,0,763,0,0
2024-11,710,2,1,1101,0,0
2024-11,720,1,0,2005,0,0
2024-11,720,1,1,10975,3,0
2024-11,720,2,0,720,0,0
2024-11,720,2,1,1205,0,0
2024-11,730,1,0,1982,0,0
2024-11,730,1,1,11362,4,0
2024-11,730,2,0,699,1,0
2024-11,730,2,1,1227,3,0
2024-11,740,1,0,4074,1,0
2024-11,740,1,1,12650,5,0
2024-11,740,2,0,631,0,0
2024-11,740,2,1,1807,0,0
2024-11,750,1,0,3127,0,0
2024-11,750,1,1,12462,9,0
2024-11,750,2,0,538,0,0
2024-11,750,2,1,1693,1,0
2024-11,760,1,0,2976,0,0
2024-11,760,1,1,11890,2,0
2024-11,760,2,0,491,0,0
2024-11,760,2,1,1603,0,0
2024-11,770,1,0,2994,1,0
2024-11,770,1,1,12163,0,0
2024-11,770,2,0,463,0,0
2024-11,770,2,1,1549,0,0
2024-11,780,1,0,3068,0,0
2024-11,780,1,1,12240,3,0
2024-11,780,2,0,434,0,0
2024-11,780,2,1,1582,0,0
2024-11,790,1,0,3292,0,0
2024-11,790,1,1,12463,3,0
2024-11,790,2,0,337,0,0
2024-11,790,2,1,1530,0,0
2024-11,800,1,0,3492,0,0
2024-11,800,1,1,13030,1,0
2024-11,800,2,0,27,0,0
2024-11,800,2,1,1550,0,0
2024-11,810,1,0,3524,0,0
2024-11,810,1,1,13124,3,0
2024-11,810,2,1,1500,0,0
2024-11,820,1,0,3543,0,0
2024-11,820,1,1,13377,0,0
2024-11,820,2,1,1571,0,0
2024-11,830,1,0,3433,0,0
2024-11,830,1,1,12820,0,0
2024-11,830,2,1,1482,0,0
2024-11,840,1,0,3195,1,0
2024-11,840,1,1,12143,0,0
2024-11,840,2,1,1321,0,0
2024-11,850,1,0,3139,0,0
2024-11,850,1,1,11919,1,0
2024-11,850,2,1,1443,0,0
2024-11,860,1,0,2387,0,0
2024-11,860,1,1,9070,0,0
2024-11,860,2,1,1054,0,0
2024-11,870,1,0,1750,0,0
2024-11,870,1,1,6721,0,0
2024-11,870,2,1,841,0,0
2024-11,880,1,0,898,0,0
2024-11,880,1,1,3456,0,0
2024-11,880,2,1,444,0,0
2024-11,890,1,0,394,0,0
2024-11,890,1,1,1440,1,0
2024-11,890,2,1,199,0,0
2024-12,660,1,0,536,1,0
2024-12,660,1,1,2758,1,0
2024-12,660,2,0,46,0,0
2024-12,660,2,1,362,0,0
2024-12,670,1,0,625,1,0
2024-12,670,1,1,3354,2,0
2024-12,670,2,0,362,0,0
2024-12,670,2,1,436,0,0
2024-12,680,1,0,625,0,0
2024-12,680,1,1,3864,2,0
2024-12,680,2,0,403,0,0
2024-12,680,2,1,571,2,0
2024-12,690,1,0,715,0,0
2024-12,690,1,1,4670,2,0
2024-12,690,2,0,421,0,0
2024-12,690,2,1,705,0,0
2024-12,700,1,0,1946,2,0
2024-12,700,1,1,9536,3,0
2024-12,700,2,0,748,0,0
2024-12,700,2,1,1045,1,0
2024-12,710,1,0,2005,1,0
2024-12,710,1,1,9646,5,0
2024-12,710,2,0,752,0,0
2024-12,710,2,1,1074,0,0
2024-12,720,1,0,1979,2,0
2024-12,720,1,1,10724,5,0
2024-12,720,2,0,708,0,0
2024-12,720,2,1,1177,0,0
2024-12,730,1,0,1951,0,0
2024-12,730,1,1,11112,6,0
2024-12,730,2,0,691,0,0
2024-12,730,2,1,1206,1,0
2024-12,740,1,0,4020,0,0
2024-12,740,1,1,12336,1,0
2024-12,740,2,0,622,0,0
2024-12,740,2,1,1742,1,0
2024-12,750,1,0,3095,1,0
2024-12,750,1,1,12156,6,0
2024-12,750,2,0,535,0,0
2024-12,750,2,1,1617,0,0
2024-12,760,1,0,2944,2,0
2024-12,760,1,1,11621,0,0
2024-12,760,2,0,487,0,0
2024-12,760,2,1,1541,0,0
2024-12,770,1,0,2963,2,0
2024-12,770,1,1,11845,0,0
2024-12,770,2,0,458,1,0
2024-12,770,2,1,1511,0,0
2024-12,780,1,0,3028,0,0
2024-12,780,1,1,11942,1,0
2024-12,780,2,0,428,0,0
2024-12,780,2,1,1524,0,0
2024-12,790,1,0,3250,0,0
2024-12,790,1,1,12144,3,0
2024-12,790,2,0,331,0,0
2024-12,790,2,1,1472,0,0
2024-12,800,1,0,3433,0,0
2024-12,800,1,1,12677,3,0
2024-12,800,2,0,27,0,0
2024-12,800,2,1,1501,0,0
2024-12,810,1,0,3478,0,0
2024-12,810,1,1,12772,1,0
2024-12,810,2,1,1445,0,0
2024-12,820,1,0,3499,0,0
2024-12,820,1,1,13014,1,0
2024-12,820,2,1,1503,0,0
2024-12,830,1,0,3394,0,0
2024-12,830,1,1,12468,2,0
2024-12,830,2,1,1429,0,0
2024-12,840,1,0,3164,1,0
2024-12,840,1,1,11837,1,0
2024-12,840,2,1,1277,0,0
2024-12,850,1,0,3098,1,0
2024-12,850,1,1,11590,1,0
2024-12,850,2,1,1386,0,0
2024-12,860,1,0,2355,0,0
2024-12,860,1,1,8830,1,0
2024-12,860,2,1,1028,0,0
2024-12,870,1,0,1738,0,0
2024-12,870,1,1,6558,0,0
2024-12,870,2,1,805,0,0
2024-12,880,1,0,890,0,0
2024-12,880,1,1,3363,0,0
2024-12,880,2,1,425,0,0
2024-12,890,1,0,390,0,0
2024-12,890,1,1,1400,0,0
2024-12,890,2,1,190,0,0
2025-01,660,1,0,527,0,0
2025-01,660,1,1,2694,3,0
2025-01,660,2,0,46,0,0
2025-01,660,2,1,355,0,0
2025-01,670,1,0,611,0,0
2025-01,670,1,1,3274,3,0
2025-01,670,2,0,357,0,0
2025-01,670,2,1,423,0,0
2025-01,680,1,0,612,0,0
2025-01,680,1,1,3762,2,0
2025-01,680,2,0,399,0,0
2025-01,680,2,1,551,0,0
2025-01,690,1,0,705,0,0
2025-01,690,1,1,4550,4,0
2025-01,690,2,0,416,1,0
2025-01,690,2,1,681,0,0
2025-01,700,1,0,1914,1,0
2025-01,700,1,1,9286,8,0
2025-01,700,2,0,742,1,0
2025-01,700,2,1,1023,2,0
2025-01,710,1,0,1980,1,0
2025-01,710,1,1,9410,6,0
2025-01,710,2,0,737,0,0
2025-01,710,2,1,1041,0,0
2025-01,720,1,0,1945,1,0
2025-01,720,1,1,10444,2,0
2025-01,720,2,0,701,1,0
2025-01,720,2,1,1138,1,0
2025-01,730,1,0,1917,1,0
2025-01,730,1,1,10776,7,0
2025-01,730,2,0,680,1,0
2025-01,730,2,1,1173,1,0
2025-01,740,1,0,3953,1,0
2025-01,740,1,1,11991,11,0
2025-01,740,2,0,615,0,0
2025-01,740,2,1,1675,0,0
2025-01,750,1,0,3043,1,0
2025-01,750,1,1,11778,6,0
2025-01,750,2,0,531,0,0
2025-01,750,2,1,1552,1,0
2025-01,760,1,0,2909,2,0
2025-01,760,1,1,11270,5,0
2025-01,760,2,0,476,1,0
2025-01,760,2,1,1478,0,0
2025-01,770,1,0,2909,1,0
2025-01,770,1,1,11471,3,0
2025-01,770,2,0,446,1,0
2025-01,770,2,1,1463,1,0
2025-01,780,1,0,2982,1,0
2025-01,780,1,1,11609,3,0
2025-01,780,2,0,419,0,0
2025-01,780,2,1,1457,1,0
2025-01,790,1,0,3208,2,0
2025-01,790,1,1,11730,2,0
2025-01,790,2,0,328,1,0
2025-01,790,2,1,1426,0,0
2025-01,800,1,0,3378,1,0
2025-01,800,1,1,12290,2,0
2025-01,800,2,0,26,0,0
2025-01,800,2,1,1437,0,0
2025-01,810,1,0,3423,0,0
2025-01,810,1,1,12341,2,0
2025-01,810,2,1,1389,0,0
2025-01,820,1,0,3449,0,0
2025-01,820,1,1,12569,2,0
2025-01,820,2,1,1454,0,0
2025-01,830,1,0,3349,0,0
2025-01,830,1,1,12037,2,0
2025-01,830,2,1,1365,0,0
2025-01,840,1,0,3109,0,0
2025-01,840,1,1,11422,0,0
2025-01,840,2,1,1233,0,0
2025-01,850,1,0,3053,1,0
2025-01,850,1,1,11189,0,0
2025-01,850,2,1,1335,0,0
2025-01,860,1,0,2321,0,0
2025-01,860,1,1,8513,0,0
2025-01,860,2,1,982,0,0
2025-01,870,1,0,1706,1,0
2025-01,870,1,1,6329,0,0
2025-01,870,2,1,778,0,0
2025-01,880,1,0,884,0,0
2025-01,880,1,1,3250,0,0
2025-01,880,2,1,407,0,0
2025-01,890,1,0,384,0,0
2025-01,890,1,1,1345,0,0
2025-01,890,2,1,187,0,0
2025-02,660,1,0,511,0,0
2025-02,660,1,1,2628,1,0
2025-02,660,2,0,45,0,0
2025-02,660,2,1,344,0,0
2025-02,670,1,0,600,0,0
2025-02,670,1,1,3190,4,0
2025-02,670,2,0,348,1,0
2025-02,670,2,1,420,0,0
2025-02,680,1,0,606,0,0
2025-02,680,1,1,3666,3,0
2025-02,680,2,0,394,1,0
2025-02,680,2,1,535,0,0
2025-02,690,1,0,689,1,0
2025-02,690,1,1,4440,7,0
2025-02,690,2,0,411,0,0
2025-02,690,2,1,661,0,0
2025-02,700,1,0,1885,3,0
2025-02,700,1,1,9036,8,0
2025-02,700,2,0,728,1,0
2025-02,700,2,1,992,2,0
2025-02,710,1,0,1951,2,0
2025-02,710,1,1,9203,3,0
2025-02,710,2,0,728,0,0
2025-02,710,2,1,1011,0,0
2025-02,720,1,0,1908,1,0
2025-02,720,1,1,10174,5,0
2025-02,720,2,0,692,0,0
2025-02,720,2,1,1091,0,0
2025-02,730,1,0,1883,1,0
2025-02,730,1,1,10485,5,0
2025-02,730,2,0,665,2,0
2025-02,730,2,1,1127,1,0
2025-02,740,1,0,3862,4,0
2025-02,740,1,1,11613,7,0
2025-02,740,2,0,605,2,0
2025-02,740,2,1,1615,1,0
2025-02,750,1,0,2979,1,0
2025-02,750,1,1,11432,6,0
2025-02,750,2,0,515,1,0
2025-02,750,2,1,1491,3,0
2025-02,760,1,0,2851,0,0
2025-02,760,1,1,10911,3,0
2025-02,760,2,0,465,0,0
2025-02,760,2,1,1422,0,0
2025-02,770,1,0,2845,1,0
2025-02,770,1,1,11140,3,0
2025-02,770,2,0,438,0,0
2025-02,770,2,1,1401,0,0
2025-02,780,1,0,2919,1,0
2025-02,780,1,1,11194,1,0
2025-02,780,2,0,412,2,0
2025-02,780,2,1,1412,1,0
2025-02,790,1,0,3132,0,0
2025-02,790,1,1,11338,3,0
2025-02,790,2,0,321,0,0
2025-02,790,2,1,1381,0,0
2025-02,800,1,0,3303,1,0
2025-02,800,1,1,11869,1,0
2025-02,800,2,0,26,0,0
2025-02,800,2,1,1393,0,0
2025-02,810,1,0,3355,1,0
2025-02,810,1,1,11922,2,0
2025-02,810,2,1,1336,0,0
2025-02,820,1,0,3375,0,0
2025-02,820,1,1,12132,1,0
2025-02,820,2,1,1392,2,0
2025-02,830,1,0,3283,0,0
2025-02,830,1,1,11599,1,0
2025-02,830,2,1,1305,0,0
2025-02,840,1,0,3043,0,0
2025-02,840,1,1,11022,1,0
2025-02,840,2,1,1189,0,0
2025-02,850,1,0,2966,1,0
2025-02,850,1,1,10807,1,0
2025-02,850,2,1,1286,1,0
2025-02,860,1,0,2273,0,0
2025-02,860,1,1,8188,1,0
2025-02,860,2,1,940,0,0
2025-02,870,1,0,1674,0,0
2025-02,870,1,1,6117,0,0
2025-02,870,2,1,749,0,0
2025-02,880,1,0,864,1,0
2025-02,880,1,1,3136,0,0
2025-02,880,2,1,396,0,0
2025-02,890,1,0,379,0,0
2025-02,890,1,1,1296,0,0
2025-02,890,2,1,183,0,0
2025-03,660,1,1,3072,5,0
2025-03,660,2,1,382,0,0
2025-03,670,1,1,3692,1,0
2025-03,670,2,1,755,0,0
2025-03,680,1,1,4167,3,0
2025-03,680,2,1,906,0,0
2025-03,690,1,1,5007,3,0
2025-03,690,2,1,1055,3,0
2025-03,700,1,1,10691,7,0
2025-03,700,2,1,1679,2,0
2025-03,710,1,1,10928,5,0
2025-03,710,2,1,1702,4,0
2025-03,720,1,1,11807,4,0
2025-03,720,2,1,1745,0,0
2025-03,730,1,1,12087,3,0
2025-03,730,2,1,1751,0,0
2025-03,740,1,1,15131,13,0
2025-03,740,2,1,2157,0,0
2025-03,750,1,1,14084,4,0
2025-03,750,2,1,1943,3,0
2025-03,760,1,1,13419,0,0
2025-03,760,2,1,1821,2,0
2025-03,770,1,1,13632,1,0
2025-03,770,2,1,1793,0,0
2025-03,780,1,1,13754,1,0
2025-03,780,2,1,1775,1,0
2025-03,790,1,1,14097,4,0
2025-03,790,2,1,1650,0,0
2025-03,800,1,1,14779,4,0
2025-03,800,2,1,1378,0,0
2025-03,810,1,1,14877,0,0
2025-03,810,2,1,1287,0,0
2025-03,820,1,1,15071,2,0
2025-03,820,2,1,1337,0,0
2025-03,830,1,1,14483,0,0
2025-03,830,2,1,1266,0,0
2025-03,840,1,1,13679,0,0
2025-03,840,2,1,1148,0,0
2025-03,850,1,1,13407,0,0
2025-03,850,2,1,1235,0,0
2025-03,860,1,1,10190,2,0
2025-03,860,2,1,911,0,0
2025-03,870,1,1,7584,0,0
2025-03,870,2,1,720,0,0
2025-03,880,1,1,3891,0,0
2025-03,880,2,1,382,0,0
2025-03,890,1,1,1633,0,0
2025-03,890,2,1,177,0,0
2025-04,660,1,1,2978,0,0
2025-04,660,2,1,373,0,0
2025-04,670,1,1,3600,1,0
2025-04,670,2,1,739,1,0
2025-04,680,1,1,4065,3,0
2025-04,680,2,1,877,0,0
2025-04,690,1,1,4878,2,0
2025-04,690,2,1,1023,1,0
2025-04,700,1,1,10421,8,0
2025-04,700,2,1,1629,0,0
2025-04,710,1,1,10673,8,0
2025-04,710,2,1,1652,0,0
2025-04,720,1,1,11486,6,0
2025-04,720,2,1,1694,1,0
2025-04,730,1,1,11773,3,0
2025-04,730,2,1,1703,1,0
2025-04,740,1,1,14686,5,0
2025-04,740,2,1,2098,0,0
2025-04,750,1,1,13672,2,0
2025-04,750,2,1,1869,1,0
2025-04,760,1,1,13043,3,0
2025-04,760,2,1,1770,0,0
2025-04,770,1,1,13200,2,0
2025-04,770,2,1,1717,1,0
2025-04,780,1,1,13343,0,0
2025-04,780,2,1,1706,0,0
2025-04,790,1,1,13673,3,0
2025-04,790,2,1,1596,0,0
2025-04,800,1,1,14292,4,0
2025-04,800,2,1,1321,0,0
2025-04,810,1,1,14400,4,0
2025-04,810,2,1,1238,0,0
2025-04,820,1,1,14600,2,0
2025-04,820,2,1,1275,0,0
2025-04,830,1,1,14012,0,0
2025-04,830,2,1,1211,1,0
2025-04,840,1,1,13243,1,0
2025-04,840,2,1,1114,0,0
2025-04,850,1,1,12989,0,0
2025-04,850,2,1,1187,0,0
2025-04,860,1,1,9845,0,0
2025-04,860,2,1,878,0,0
2025-04,870,1,1,7312,1,0
2025-04,870,2,1,696,0,0
2025-04,880,1,1,3772,0,0
2025-04,880,2,1,369,0,0
2025-04,890,1,1,1583,0,0
2025-04,890,2,1,168,0,0
2025-05,660,1,1,2892,1,0
2025-05,660,2,1,362,0,0
2025-05,670,1,1,3485,2,0
2025-05,670,2,1,723,0,0
2025-05,680,1,1,3965,1,0
2025-05,680,2,1,855,0,0
2025-05,690,1,1,4750,3,0
2025-05,690,2,1,1000,0,0
2025-05,700,1,1,10150,3,0
2025-05,700,2,1,1586,0,0
2025-05,710,1,1,10396,5,0
2025-05,710,2,1,1605,1,0
2025-05,720,1,1,11176,4,0
2025-05,720,2,1,1639,2,0
2025-05,730,1,1,11460,2,0
2025-05,730,2,1,1650,0,0
2025-05,740,1,1,14248,1,0
2025-05,740,2,1,2043,4,0
2025-05,750,1,1,13308,2,0
2025-05,750,2,1,1806,1,0
2025-05,760,1,1,12667,2,0
2025-05,760,2,1,1712,0,0
2025-05,770,1,1,12847,4,0
2025-05,770,2,1,1657,0,0
2025-05,780,1,1,12941,1,0
2025-05,780,2,1,1637,1,0
2025-05,790,1,1,13215,3,0
2025-05,790,2,1,1531,3,0
2025-05,800,1,1,13829,2,0
2025-05,800,2,1,1268,0,0
2025-05,810,1,1,13997,1,0
2025-05,810,2,1,1187,0,0
2025-05,820,1,1,14161,1,0
2025-05,820,2,1,1225,0,0
2025-05,830,1,1,13580,0,0
2025-05,830,2,1,1175,0,0
2025-05,840,1,1,12831,0,0
2025-05,840,2,1,1073,1,0
2025-05,850,1,1,12592,1,0
2025-05,850,2,1,1144,0,0
2025-05,860,1,1,9526,0,0
2025-05,860,2,1,848,0,0
2025-05,870,1,1,7083,1,0
2025-05,870,2,1,668,0,0
2025-05,880,1,1,3653,0,0
2025-05,880,2,1,360,0,0
2025-05,890,1,1,1537,0,0
2025-05,890,2,1,161,0,0
2025-06,660,1,0,594,0,0
2025-06,660,1,1,2820,2,2
2025-06,660,2,0,22,1,1
2025-06,660,2,1,346,1,1
2025-06,670,1,0,748,0,0
2025-06,670,1,1,3397,3,3
2025-06,670,2,0,20,0,0
2025-06,670,2,1,704,1,1
2025-06,680,1,0,1235,0,0
2025-06,680,1,1,3850,2,2
2025-06,680,2,0,292,0,0
2025-06,680,2,1,833,0,0
2025-06,690,1,0,1390,0,0
2025-06,690,1,1,4628,4,4
2025-06,690,2,0,319,1,1
2025-06,690,2,1,977,1,1
2025-06,700,1,0,1322,0,0
2025-06,700,1,1,9884,8,8
2025-06,700,2,0,425,0,0
2025-06,700,2,1,1535,0,0
2025-06,710,1,0,1474,1,1
2025-06,710,1,1,10136,6,6
2025-06,710,2,0,384,0,0
2025-06,710,2,1,1555,3,3
2025-06,720,1,0,1900,0,0
2025-06,720,1,1,10882,5,5
2025-06,720,2,0,396,0,0
2025-06,720,2,1,1583,1,1
2025-06,730,1,0,2078,0,0
2025-06,730,1,1,11125,5,4
2025-06,730,2,0,377,0,0
2025-06,730,2,1,1591,2,2
2025-06,740,1,0,3259,2,2
2025-06,740,1,1,13847,8,8
2025-06,740,2,0,217,0,0
2025-06,740,2,1,1967,4,4
2025-06,750,1,0,3204,0,0
2025-06,750,1,1,12938,2,2
2025-06,750,2,0,179,0,0
2025-06,750,2,1,1734,2,2
2025-06,760,1,0,3145,0,0
2025-06,760,1,1,12316,3,3
2025-06,760,2,0,157,0,0
2025-06,760,2,1,1659,1,1
2025-06,770,1,0,3316,1,1
2025-06,770,1,1,12494,3,3
2025-06,770,2,0,133,0,0
2025-06,770,2,1,1587,0,0
2025-06,780,1,0,3326,0,0
2025-06,780,1,1,12579,1,1
2025-06,780,2,0,191,0,0
2025-06,780,2,1,1573,0,0
2025-06,790,1,0,3482,0,0
2025-06,790,1,1,12820,3,3
2025-06,790,2,0,225,0,0
2025-06,790,2,1,1475,2,2
2025-06,800,1,0,3627,1,1
2025-06,800,1,1,13428,1,1
2025-06,800,2,0,345,0,0
2025-06,800,2,1,1213,0,0
2025-06,810,1,0,3761,1,1
2025-06,810,1,1,13532,2,2
2025-06,810,2,0,321,0,0
2025-06,810,2,1,1141,0,0
2025-06,820,1,0,3900,0,0
2025-06,820,1,1,13733,2,2
2025-06,820,2,0,326,0,0
2025-06,820,2,1,1170,0,0
2025-06,830,1,0,3632,0,0
2025-06,830,1,1,13122,0,0
2025-06,830,2,0,293,0,0
2025-06,830,2,1,1115,0,0
2025-06,840,1,0,3433,0,0
2025-06,840,1,1,12398,2,2
2025-06,840,2,0,221,0,0
2025-06,840,2,1,1035,0,0
2025-06,850,1,0,3426,0,0
2025-06,850,1,1,12194,0,0
2025-06,850,2,0,238,0,0
2025-06,850,2,1,1088,0,0
2025-06,860,1,0,2689,0,0
2025-06,860,1,1,9224,0,0
2025-06,860,2,0,178,0,0
2025-06,860,2,1,808,0,0
2025-06,870,1,0,2038,0,0
2025-06,870,1,1,6850,0,0
2025-06,870,2,0,122,0,0
2025-06,870,2,1,632,0,0
2025-06,880,1,0,1226,0,0
2025-06,880,1,1,3531,0,0
2025-06,880,2,0,76,0,0
2025-06,880,2,1,348,0,0
2025-06,890,1,0,529,0,0
2025-06,890,1,1,1487,0,0
2025-06,890,2,0,38,0,0
2025-06,890,2,1,155,0,0
2025-07,660,1,0,586,0,0
2025-07,660,1,1,2744,2,0
2025-07,660,2,0,20,0,0
2025-07,660,2,1,335,0,0
2025-07,670,1,0,738,0,0
2025-07,670,1,1,3298,1,0
2025-07,670,2,0,20,0,0
2025-07,670,2,1,679,0,0
2025-07,680,1,0,1214,0,0
2025-07,680,1,1,3724,1,0
2025-07,680,2,0,288,0,0
2025-07,680,2,1,804,0,0
2025-07,690,1,0,1376,0,0
2025-07,690,1,1,4481,3,0
2025-07,690,2,0,313,0,0
2025-07,690,2,1,947,0,0
2025-07,700,1,0,1301,0,0
2025-07,700,1,1,9613,4,0
2025-07,700,2,0,421,0,0
2025-07,700,2,1,1499,2,0
2025-07,710,1,0,1444,0,0
2025-07,710,1,1,9846,4,0
2025-07,710,2,0,383,0,0
2025-07,710,2,1,1519,2,0
2025-07,720,1,0,1878,0,0
2025-07,720,1,1,10543,6,0
2025-07,720,2,0,389,0,0
2025-07,720,2,1,1542,1,0
2025-07,730,1,0,2044,0,0
2025-07,730,1,1,10773,1,0
2025-07,730,2,0,372,0,0
2025-07,730,2,1,1542,2,0
2025-07,740,1,0,3218,1,0
2025-07,740,1,1,13435,4,0
2025-07,740,2,0,213,0,0
2025-07,740,2,1,1913,0,0
2025-07,750,1,0,3161,0,0
2025-07,750,1,1,12555,4,0
2025-07,750,2,0,178,1,0
2025-07,750,2,1,1675,0,0
2025-07,760,1,0,3104,3,0
2025-07,760,1,1,11931,3,0
2025-07,760,2,0,153,0,0
2025-07,760,2,1,1608,1,0
2025-07,770,1,0,3272,0,0
2025-07,770,1,1,12115,1,0
2025-07,770,2,0,132,0,0
2025-07,770,2,1,1520,0,0
2025-07,780,1,0,3267,2,0
2025-07,780,1,1,12201,1,0
2025-07,780,2,0,185,0,0
2025-07,780,2,1,1520,0,0
2025-07,790,1,0,3444,0,0
2025-07,790,1,1,12447,1,0
2025-07,790,2,0,220,0,0
2025-07,790,2,1,1422,0,0
2025-07,800,1,0,3566,0,0
2025-07,800,1,1,12975,2,0
2025-07,800,2,0,344,0,0
2025-07,800,2,1,1166,0,0
2025-07,810,1,0,3703,1,0
2025-07,810,1,1,13076,3,0
2025-07,810,2,0,313,0,0
2025-07,810,2,1,1086,0,0
2025-07,820,1,0,3858,1,0
2025-07,820,1,1,13275,0,0
2025-07,820,2,0,323,0,0
2025-07,820,2,1,1120,0,0
2025-07,830,1,0,3590,0,0
2025-07,830,1,1,12684,0,0
2025-07,830,2,0,291,0,0
2025-07,830,2,1,1065,0,0
2025-07,840,1,0,3388,0,0
2025-07,840,1,1,11980,0,0
2025-07,840,2,0,218,0,0
2025-07,840,2,1,986,0,0
2025-07,850,1,0,3383,0,0
2025-07,850,1,1,11774,1,0
2025-07,850,2,0,235,0,0
2025-07,850,2,1,1047,0,0
2025-07,860,1,0,2661,0,0
2025-07,860,1,1,8910,0,0
2025-07,860,2,0,177,0,0
2025-07,860,2,1,766,0,0
2025-07,870,1,0,2011,0,0
2025-07,870,1,1,6612,1,0
2025-07,870,2,0,120,0,0
2025-07,870,2,1,607,0,0
2025-07,880,1,0,1212,0,0
2025-07,880,1,1,3411,0,0
2025-07,880,2,0,75,0,0
2025-07,880,2,1,330,0,0
2025-07,890,1,0,519,0,0
2025-07,890,1,1,1426,0,0
2025-07,890,2,0,37,0,0
2025-07,890,2,1,145,0,0
2025-08,660,1,0,582,0,0
2025-08,660,1,1,2654,0,0
2025-08,660,2,0,18,0,0
2025-08,660,2,1,325,0,0
2025-08,670,1,0,725,0,0
2025-08,670,1,1,3193,0,0
2025-08,670,2,0,20,0,0
2025-08,670,2,1,664,0,0
2025-08,680,1,0,1197,0,0
2025-08,680,1,1,3608,0,0
2025-08,680,2,0,283,0,0
2025-08,680,2,1,777,0,0
2025-08,690,1,0,1353,0,0
2025-08,690,1,1,4344,1,0
2025-08,690,2,0,306,0,0
2025-08,690,2,1,919,0,0
2025-08,700,1,0,1282,0,0
2025-08,700,1,1,9335,0,0
2025-08,700,2,0,412,0,0
2025-08,700,2,1,1461,0,0
2025-08,710,1,0,1417,0,0
2025-08,710,1,1,9548,3,0
2025-08,710,2,0,374,0,0
2025-08,710,2,1,1457,0,0
2025-08,720,1,0,1842,0,0
2025-08,720,1,1,10162,2,0
2025-08,720,2,0,379,0,0
2025-08,720,2,1,1474,1,0
2025-08,730,1,0,2013,0,0
2025-08,730,1,1,10429,2,0
2025-08,730,2,0,367,0,0
2025-08,730,2,1,1484,1,0
2025-08,740,1,0,3171,0,0
2025-08,740,1,1,12986,0,0
2025-08,740,2,0,208,0,0
2025-08,740,2,1,1843,0,0
2025-08,750,1,0,3113,1,0
2025-08,750,1,1,12109,2,0
2025-08,750,2,0,176,0,0
2025-08,750,2,1,1620,0,0
2025-08,760,1,0,3057,0,0
2025-08,760,1,1,11536,2,0
2025-08,760,2,0,149,0,0
2025-08,760,2,1,1557,0,0
2025-08,770,1,0,3223,1,0
2025-08,770,1,1,11677,0,0
2025-08,770,2,0,131,0,0
2025-08,770,2,1,1455,0,0
2025-08,780,1,0,3210,0,0
2025-08,780,1,1,11756,1,0
2025-08,780,2,0,184,0,0
2025-08,780,2,1,1451,0,0
2025-08,790,1,0,3397,0,0
2025-08,790,1,1,12026,2,0
2025-08,790,2,0,214,0,0
2025-08,790,2,1,1356,0,0
2025-08,800,1,0,3523,0,0
2025-08,800,1,1,12467,1,0
2025-08,800,2,0,335,0,0
2025-08,800,2,1,1104,0,0
2025-08,810,1,0,3640,0,0
2025-08,810,1,1,12605,0,0
2025-08,810,2,0,311,0,0
2025-08,810,2,1,1031,0,0
2025-08,820,1,0,3786,0,0
2025-08,820,1,1,12735,1,0
2025-08,820,2,0,318,0,0
2025-08,820,2,1,1057,0,0
2025-08,830,1,0,3538,0,0
2025-08,830,1,1,12189,1,0
2025-08,830,2,0,287,0,0
2025-08,830,2,1,1006,0,0
2025-08,840,1,0,3336,0,0
2025-08,840,1,1,11467,0,0
2025-08,840,2,0,215,0,0
2025-08,840,2,1,926,0,0
2025-08,850,1,0,3335,0,0
2025-08,850,1,1,11258,0,0
2025-08,850,2,0,232,0,0
2025-08,850,2,1,988,0,0
2025-08,860,1,0,2624,0,0
2025-08,860,1,1,8513,0,0
2025-08,860,2,0,172,0,0
2025-08,860,2,1,717,0,0
2025-08,870,1,0,1981,0,0
2025-08,870,1,1,6321,0,0
2025-08,870,2,0,120,0,0
2025-08,870,2,1,574,0,0
2025-08,880,1,0,1193,0,0
2025-08,880,1,1,3264,0,0
2025-08,880,2,0,74,0,0
2025-08,880,2,1,309,0,0
2025-08,890,1,0,513,0,0
2025-08,890,1,1,1349,0,0
2025-08,890,2,0,36,0,0
2025-08,890,2,1,138,0,0
2025-09,660,1,0,574,2,0
2025-09,660,1,1,2571,4,0
2025-09,660,2,0,18,0,0
2025-09,660,2,1,307,0,0
2025-09,670,1,0,718,0,0
2025-09,670,1,1,3119,4,0
2025-09,670,2,0,19,0,0
2025-09,670,2,1,648,0,0
2025-09,680,1,0,1178,1,0
2025-09,680,1,1,3498,2,0
2025-09,680,2,0,277,0,0
2025-09,680,2,1,757,1,0
2025-09,690,1,0,1333,3,0
2025-09,690,1,1,4205,3,0
2025-09,690,2,0,300,0,0
2025-09,690,2,1,894,0,0
2025-09,700,1,0,1267,0,0
2025-09,700,1,1,9086,6,0
2025-09,700,2,0,403,2,0
2025-09,700,2,1,1418,4,0
2025-09,710,1,0,1399,1,0
2025-09,710,1,1,9264,7,0
2025-09,710,2,0,372,1,0
2025-09,710,2,1,1419,3,0
2025-09,720,1,0,1814,3,0
2025-09,720,1,1,9852,7,0
2025-09,720,2,0,375,1,0
2025-09,720,2,1,1432,1,0
2025-09,730,1,0,1984,4,0
2025-09,730,1,1,10125,13,0
2025-09,730,2,0,357,0,0
2025-09,730,2,1,1422,3,0
2025-09,740,1,0,3129,1,0
2025-09,740,1,1,12547,10,0
2025-09,740,2,0,204,0,0
2025-09,740,2,1,1788,3,0
2025-09,750,1,0,3064,0,0
2025-09,750,1,1,11736,12,0
2025-09,750,2,0,173,0,0
2025-09,750,2,1,1556,0,0
2025-09,760,1,0,3012,2,0
2025-09,760,1,1,11151,9,0
2025-09,760,2,0,145,0,0
2025-09,760,2,1,1498,2,0
2025-09,770,1,0,3166,2,0
2025-09,770,1,1,11312,6,0
2025-09,770,2,0,126,0,0
2025-09,770,2,1,1403,0,0
2025-09,780,1,0,3158,2,0
2025-09,780,1,1,11395,4,0
2025-09,780,2,0,183,0,0
2025-09,780,2,1,1389,0,0
2025-09,790,1,0,3349,1,0
2025-09,790,1,1,11638,4,0
2025-09,790,2,0,206,0,0
2025-09,790,2,1,1300,0,0
2025-09,800,1,0,3465,1,0
2025-09,800,1,1,12069,3,0
2025-09,800,2,0,330,0,0
2025-09,800,2,1,1053,1,0
2025-09,810,1,0,3583,0,0
2025-09,810,1,1,12204,3,0
2025-09,810,2,0,307,0,0
2025-09,810,2,1,981,0,0
2025-09,820,1,0,3726,1,0
2025-09,820,1,1,12300,3,0
2025-09,820,2,0,313,0,0
2025-09,820,2,1,1005,0,0
2025-09,830,1,0,3478,0,0
2025-09,830,1,1,11774,1,0
2025-09,830,2,0,277,0,0
2025-09,830,2,1,965,0,0
2025-09,840,1,0,3297,1,0
2025-09,840,1,1,11056,0,0
2025-09,840,2,0,209,0,0
2025-09,840,2,1,881,0,0
2025-09,850,1,0,3283,0,0
2025-09,850,1,1,10843,2,0
2025-09,850,2,0,227,0,0
2025-09,850,2,1,933,0,0
2025-09,860,1,0,2594,0,0
2025-09,860,1,1,8244,0,0
2025-09,860,2,0,168,0,0
2025-09,860,2,1,688,0,0
2025-09,870,1,0,1963,0,0
2025-09,870,1,1,6103,1,0
2025-09,870,2,0,116,0,0
2025-09,870,2,1,541,0,0
2025-09,880,1,0,1174,0,0
2025-09,880,1,1,3134,0,0
2025-09,880,2,0,73,0,0
2025-09,880,2,1,301,0,0
2025-09,890,1,0,509,0,0
2025-09,890,1,1,1303,0,0
2025-09,890,2,0,36,0,0
2025-09,890,2,1,133,0,0
2025-10,660,1,1,2911,3,0
2025-10,660,2,1,314,0,0
2025-10,670,1,1,3523,4,0
2025-10,670,2,1,642,0,0
2025-10,680,1,1,4346,2,0
2025-10,680,2,1,1004,1,0
2025-10,690,1,1,5090,5,0
2025-10,690,2,1,1153,2,0
2025-10,700,1,1,9649,7,0
2025-10,700,2,1,1758,0,0
2025-10,710,1,1,9940,9,0
2025-10,710,2,1,1731,2,0
2025-10,720,1,1,10814,1,0
2025-10,720,2,1,1736,1,0
2025-10,730,1,1,11225,4,0
2025-10,730,2,1,1710,2,0
2025-10,740,1,1,14601,10,0
2025-10,740,2,1,1902,1,0
2025-10,750,1,1,13703,6,0
2025-10,750,2,1,1646,1,0
2025-10,760,1,1,13176,11,0
2025-10,760,2,1,1563,2,0
2025-10,770,1,1,13456,3,0
2025-10,770,2,1,1459,0,0
2025-10,780,1,1,13606,2,0
2025-10,780,2,1,1503,0,0
2025-10,790,1,1,14013,2,0
2025-10,790,2,1,1441,0,0
2025-10,800,1,1,14549,4,0
2025-10,800,2,1,1307,0,0
2025-10,810,1,1,14794,0,0
2025-10,810,2,1,1240,0,0
2025-10,820,1,1,15037,3,0
2025-10,820,2,1,1259,0,0
2025-10,830,1,1,14245,0,0
2025-10,830,2,1,1181,0,0
2025-10,840,1,1,13426,1,0
2025-10,840,2,1,1047,0,0
2025-10,850,1,1,13197,0,0
2025-10,850,2,1,1115,0,0
2025-10,860,1,1,10121,1,0
2025-10,860,2,1,828,0,0
2025-10,870,1,1,7541,0,0
2025-10,870,2,1,621,0,0
2025-10,880,1,1,4039,0,0
2025-10,880,2,1,359,0,0
2025-10,890,1,1,1685,1,0
2025-10,890,2,1,164,0,0
2025-11,660,1,1,2824,4,0
2025-11,660,2,1,303,0,0
2025-11,670,1,1,3421,5,0
2025-11,670,2,1,624,1,0
2025-11,680,1,1,4244,4,0
2025-11,680,2,1,987,3,0
2025-11,690,1,1,4966,4,0
2025-11,690,2,1,1120,2,0
2025-11,700,1,1,9407,9,0
2025-11,700,2,1,1723,3,0
2025-11,710,1,1,9690,6,0
2025-11,710,2,1,1695,1,0
2025-11,720,1,1,10569,10,0
2025-11,720,2,1,1682,2,0
2025-11,730,1,1,10952,4,0
2025-11,730,2,1,1648,0,0
2025-11,740,1,1,14213,6,0
2025-11,740,2,1,1828,1,0
2025-11,750,1,1,13312,6,0
2025-11,750,2,1,1581,1,0
2025-11,760,1,1,12765,6,0
2025-11,760,2,1,1499,1,0
2025-11,770,1,1,13111,3,0
2025-11,770,2,1,1424,1,0
2025-11,780,1,1,13226,1,0
2025-11,780,2,1,1451,0,0
2025-11,790,1,1,13615,0,0
2025-11,790,2,1,1387,2,0
2025-11,800,1,1,14132,4,0
2025-11,800,2,1,1259,0,0
2025-11,810,1,1,14400,2,0
2025-11,810,2,1,1196,0,0
2025-11,820,1,1,14584,0,0
2025-11,820,2,1,1225,2,0
2025-11,830,1,1,13845,2,0
2025-11,830,2,1,1139,0,0
2025-11,840,1,1,12998,1,0
2025-11,840,2,1,1004,0,0
2025-11,850,1,1,12804,1,0
2025-11,850,2,1,1063,1,0
2025-11,860,1,1,9841,0,0
2025-11,860,2,1,802,0,0
2025-11,870,1,1,7338,0,0
2025-11,870,2,1,608,0,0
2025-11,880,1,1,3915,1,0
2025-11,880,2,1,351,0,0
2025-11,890,1,1,1638,0,0
2025-11,890,2,1,154,0,0
2025-12,660,1,0,78,0,0
2025-12,660,1,1,2763,5,0
2025-12,660,2,0,83,0,0
2025-12,660,2,1,300,0,0
2025-12,670,1,0,82,0,0
2025-12,670,1,1,3347,1,0
2025-12,670,2,0,84,0,0
2025-12,670,2,1,611,1,0
2025-12,680,1,0,290,0,0
2025-12,680,1,1,4155,6,0
2025-12,680,2,0,151,0,0
2025-12,680,2,1,967,2,0
2025-12,690,1,0,404,0,0
2025-12,690,1,1,4832,2,0
2025-12,690,2,0,187,0,0
2025-12,690,2,1,1095,0,0
2025-12,700,1,0,1252,1,0
2025-12,700,1,1,9208,19,0
2025-12,700,2,0,240,0,0
2025-12,700,2,1,1678,1,0
2025-12,710,1,0,1492,0,0
2025-12,710,1,1,9486,9,0
2025-12,710,2,0,225,0,0
2025-12,710,2,1,1650,3,0
2025-12,720,1,0,1521,0,0
2025-12,720,1,1,10333,4,0
2025-12,720,2,0,353,0,0
2025-12,720,2,1,1633,2,0
2025-12,730,1,0,1733,0,0
2025-12,730,1,1,10702,12,0
2025-12,730,2,0,305,0,0
2025-12,730,2,1,1607,1,0
2025-12,740,1,0,2037,0,0
2025-12,740,1,1,13860,11,0
2025-12,740,2,0,413,0,0
2025-12,740,2,1,1765,1,0
2025-12,750,1,0,2744,0,0
2025-12,750,1,1,12987,7,0
2025-12,750,2,0,412,0,0
2025-12,750,2,1,1527,1,0
2025-12,760,1,0,2742,0,0
2025-12,760,1,1,12424,5,0
2025-12,760,2,0,331,0,0
2025-12,760,2,1,1455,2,0
2025-12,770,1,0,2771,1,0
2025-12,770,1,1,12772,8,0
2025-12,770,2,0,342,0,0
2025-12,770,2,1,1385,0,0
2025-12,780,1,0,2761,0,0
2025-12,780,1,1,12907,4,0
2025-12,780,2,0,363,0,0
2025-12,780,2,1,1411,1,0
2025-12,790,1,0,2792,1,0
2025-12,790,1,1,13278,4,0
2025-12,790,2,0,425,0,0
2025-12,790,2,1,1331,1,0
2025-12,800,1,0,2932,0,0
2025-12,800,1,1,13777,4,0
2025-12,800,2,0,433,0,0
2025-12,800,2,1,1204,0,0
2025-12,810,1,0,2988,0,0
2025-12,810,1,1,14041,5,0
2025-12,810,2,0,414,0,0
2025-12,810,2,1,1151,1,0
2025-12,820,1,0,3077,0,0
2025-12,820,1,1,14194,3,0
2025-12,820,2,0,455,0,0
2025-12,820,2,1,1178,1,0
2025-12,830,1,0,2868,0,0
2025-12,830,1,1,13467,4,0
2025-12,830,2,0,417,0,0
2025-12,830,2,1,1093,0,0
2025-12,840,1,0,2734,0,0
2025-12,840,1,1,12672,1,0
2025-12,840,2,0,379,0,0
2025-12,840,2,1,973,0,0
2025-12,850,1,0,2620,0,0
2025-12,850,1,1,12428,3,0
2025-12,850,2,0,400,1,0
2025-12,850,2,1,1015,2,0
2025-12,860,1,0,2109,0,0
2025-12,860,1,1,9593,0,0
2025-12,860,2,0,291,0,0
2025-12,860,2,1,778,0,0
2025-12,870,1,0,1598,0,0
2025-12,870,1,1,7152,0,0
2025-12,870,2,0,250,0,0
2025-12,870,2,1,584,0,0
2025-12,880,1,0,871,0,0
2025-12,880,1,1,3811,0,0
2025-12,880,2,0,126,0,0
2025-12,880,2,1,335,0,0
2025-12,890,1,0,382,0,0
2025-12,890,1,1,1602,0,0
2025-12,890,2,0,47,0,0
2025-12,890,2,1,149,0,0
2026-01,660,1,0,78,0,0
2026-01,660,1,1,2681,0,0
2026-01,660,2,0,83,0,0
2026-01,660,2,1,287,2,0
2026-01,670,1,0,82,0,0
2026-01,670,1,1,3258,3,0
2026-01,670,2,0,82,0,0
2026-01,670,2,1,597,1,0
2026-01,680,1,0,282,0,0
2026-01,680,1,1,4027,2,0
2026-01,680,2,0,151,0,0
2026-01,680,2,1,941,5,0
2026-01,690,1,0,395,1,0
2026-01,690,1,1,4687,3,0
2026-01,690,2,0,183,1,0
2026-01,690,2,1,1072,0,0
2026-01,700,1,0,1238,0,0
2026-01,700,1,1,8964,13,0
2026-01,700,2,0,235,0,0
2026-01,700,2,1,1634,1,0
2026-01,710,1,0,1479,0,0
2026-01,710,1,1,9218,6,0
2026-01,710,2,0,225,0,0
2026-01,710,2,1,1607,5,0
2026-01,720,1,0,1494,0,0
2026-01,720,1,1,10077,10,0
2026-01,720,2,0,344,0,0
2026-01,720,2,1,1589,1,0
2026-01,730,1,0,1717,0,0
2026-01,730,1,1,10440,7,0
2026-01,730,2,0,300,0,0
2026-01,730,2,1,1556,2,0
2026-01,740,1,0,2005,2,0
2026-01,740,1,1,13464,12,0
2026-01,740,2,0,409,0,0
2026-01,740,2,1,1705,2,0
2026-01,750,1,0,2715,2,0
2026-01,750,1,1,12565,6,0
2026-01,750,2,0,405,0,0
2026-01,750,2,1,1462,0,0
2026-01,760,1,0,2704,2,0
2026-01,760,1,1,12076,8,0
2026-01,760,2,0,327,0,0
2026-01,760,2,1,1394,4,0
2026-01,770,1,0,2731,0,0
2026-01,770,1,1,12347,6,0
2026-01,770,2,0,340,0,0
2026-01,770,2,1,1329,1,0
2026-01,780,1,0,2724,0,0
2026-01,780,1,1,12496,4,0
2026-01,780,2,0,358,0,0
2026-01,780,2,1,1342,0,0
2026-01,790,1,0,2744,1,0
2026-01,790,1,1,12852,4,0
2026-01,790,2,0,418,0,0
2026-01,790,2,1,1269,0,0
2026-01,800,1,0,2889,1,0
2026-01,800,1,1,13308,0,0
2026-01,800,2,0,423,0,0
2026-01,800,2,1,1145,1,0
2026-01,810,1,0,2947,1,0
2026-01,810,1,1,13580,3,0
2026-01,810,2,0,407,0,0
2026-01,810,2,1,1099,0,0
2026-01,820,1,0,3030,0,0
2026-01,820,1,1,13746,4,0
2026-01,820,2,0,446,0,0
2026-01,820,2,1,1119,0,0
2026-01,830,1,0,2831,0,0
2026-01,830,1,1,13029,1,0
2026-01,830,2,0,408,0,0
2026-01,830,2,1,1050,1,0
2026-01,840,1,0,2698,0,0
2026-01,840,1,1,12303,1,0
2026-01,840,2,0,371,0,0
2026-01,840,2,1,918,0,0
2026-01,850,1,0,2587,0,0
2026-01,850,1,1,11989,0,0
2026-01,850,2,0,390,0,0
2026-01,850,2,1,959,0,0
2026-01,860,1,0,2082,0,0
2026-01,860,1,1,9263,1,0
2026-01,860,2,0,284,1,0
2026-01,860,2,1,747,0,0
2026-01,870,1,0,1584,0,0
2026-01,870,1,1,6923,0,0
2026-01,870,2,0,246,0,0
2026-01,870,2,1,552,0,0
2026-01,880,1,0,857,0,0
2026-01,880,1,1,3685,0,0
2026-01,880,2,0,124,0,0
2026-01,880,2,1,321,0,0
2026-01,890,1,0,379,0,0
2026-01,890,1,1,1554,0,0
2026-01,890,2,0,46,0,0
2026-01,890,2,1,143,0,0
2026-02,660,1,0,78,0,0
2026-02,660,1,1,2598,4,0
2026-02,660,2,0,83,0,0
2026-02,660,2,1,277,1,0
2026-02,670,1,0,82,0,0
2026-02,670,1,1,3151,3,0
2026-02,670,2,0,80,0,0
2026-02,670,2,1,579,0,0
2026-02,680,1,0,278,1,0
2026-02,680,1,1,3893,6,0
2026-02,680,2,0,149,0,0
2026-02,680,2,1,916,2,0
2026-02,690,1,0,391,1,0
2026-02,690,1,1,4554,2,0
2026-02,690,2,0,180,0,0
2026-02,690,2,1,1049,0,0
2026-02,700,1,0,1234,1,0
2026-02,700,1,1,8699,11,0
2026-02,700,2,0,227,0,0
2026-02,700,2,1,1590,3,0
2026-02,710,1,0,1459,0,0
2026-02,710,1,1,8955,13,0
2026-02,710,2,0,222,0,0
2026-02,710,2,1,1560,0,0
2026-02,720,1,0,1481,0,0
2026-02,720,1,1,9770,9,0
2026-02,720,2,0,339,1,0
2026-02,720,2,1,1548,1,0
2026-02,730,1,0,1697,0,0
2026-02,730,1,1,10145,6,0
2026-02,730,2,0,297,0,0
2026-02,730,2,1,1513,1,0
2026-02,740,1,0,1974,0,0
2026-02,740,1,1,13080,10,0
2026-02,740,2,0,395,0,0
2026-02,740,2,1,1655,2,0
2026-02,750,1,0,2668,1,0
2026-02,750,1,1,12172,5,0
2026-02,750,2,0,400,0,0
2026-02,750,2,1,1428,0,0
2026-02,760,1,0,2659,0,0
2026-02,760,1,1,11737,5,0
2026-02,760,2,0,324,0,0
2026-02,760,2,1,1345,0,0
2026-02,770,1,0,2692,0,0
2026-02,770,1,1,11966,4,0
2026-02,770,2,0,335,0,0
2026-02,770,2,1,1276,0,0
2026-02,780,1,0,2684,4,0
2026-02,780,1,1,12100,4,0
2026-02,780,2,0,356,0,0
2026-02,780,2,1,1297,0,0
2026-02,790,1,0,2702,0,0
2026-02,790,1,1,12449,3,0
2026-02,790,2,0,413,1,0
2026-02,790,2,1,1232,0,0
2026-02,800,1,0,2833,0,0
2026-02,800,1,1,12883,1,0
2026-02,800,2,0,412,0,0
2026-02,800,2,1,1079,2,0
2026-02,810,1,0,2915,0,0
2026-02,810,1,1,13119,1,0
2026-02,810,2,0,398,0,0
2026-02,810,2,1,1053,1,0
2026-02,820,1,0,2991,0,0
2026-02,820,1,1,13284,2,0
2026-02,820,2,0,440,0,0
2026-02,820,2,1,1085,0,0
2026-02,830,1,0,2787,0,0
2026-02,830,1,1,12587,3,0
2026-02,830,2,0,401,0,0
2026-02,830,2,1,1014,2,0
2026-02,840,1,0,2667,0,0
2026-02,840,1,1,11946,0,0
2026-02,840,2,0,365,0,0
2026-02,840,2,1,884,0,0
2026-02,850,1,0,2556,0,0
2026-02,850,1,1,11600,2,0
2026-02,850,2,0,379,0,0
2026-02,850,2,1,914,0,0
2026-02,860,1,0,2053,0,0
2026-02,860,1,1,8952,3,0
2026-02,860,2,0,277,0,0
2026-02,860,2,1,714,0,0
2026-02,870,1,0,1560,0,0
2026-02,870,1,1,6699,1,0
2026-02,870,2,0,242,0,0
2026-02,870,2,1,524,0,0
2026-02,880,1,0,850,0,0
2026-02,880,1,1,3563,0,0
2026-02,880,2,0,117,0,0
2026-02,880,2,1,309,0,0
2026-02,890,1,0,379,0,0
2026-02,890,1,1,1501,0,0
2026-02,890,2,0,46,0,0
2026-02,890,2,1,138,0,0
2026-03,660,1,0,78,0,0
2026-03,660,1,1,2523,6,0
2026-03,660,2,0,82,1,0
2026-03,660,2,1,262,0,0
2026-03,670,1,0,82,0,0
2026-03,670,1,1,3065,2,0
2026-03,670,2,0,80,1,0
2026-03,670,2,1,566,1,0
2026-03,680,1,0,272,0,0
2026-03,680,1,1,3776,3,0
2026-03,680,2,0,148,0,0
2026-03,680,2,1,894,0,0
2026-03,690,1,0,386,0,0
2026-03,690,1,1,4418,4,0
2026-03,690,2,0,175,0,0
2026-03,690,2,1,1031,0,0
2026-03,700,1,0,1219,2,0
2026-03,700,1,1,8464,11,0
2026-03,700,2,0,226,0,0
2026-03,700,2,1,1539,0,0
2026-03,710,1,0,1441,0,0
2026-03,710,1,1,8727,6,0
2026-03,710,2,0,220,0,0
2026-03,710,2,1,1510,3,0
2026-03,720,1,0,1468,0,0
2026-03,720,1,1,9485,9,0
2026-03,720,2,0,334,0,0
2026-03,720,2,1,1513,4,0
2026-03,730,1,0,1679,0,0
2026-03,730,1,1,9839,4,0
2026-03,730,2,0,292,0,0
2026-03,730,2,1,1471,1,0
2026-03,740,1,0,1944,2,0
2026-03,740,1,1,12694,14,0
2026-03,740,2,0,392,0,0
2026-03,740,2,1,1607,1,0
2026-03,750,1,0,2628,2,0
2026-03,750,1,1,11870,4,0
2026-03,750,2,0,396,0,0
2026-03,750,2,1,1392,1,0
2026-03,760,1,0,2625,2,0
2026-03,760,1,1,11393,8,0
2026-03,760,2,0,317,0,0
2026-03,760,2,1,1300,0,0
2026-03,770,1,0,2662,0,0
2026-03,770,1,1,11618,4,0
2026-03,770,2,0,332,0,0
2026-03,770,2,1,1232,2,0
2026-03,780,1,0,2645,0,0
2026-03,780,1,1,11757,7,0
2026-03,780,2,0,353,0,0
2026-03,780,2,1,1250,0,0
2026-03,790,1,0,2664,0,0
2026-03,790,1,1,12079,3,0
2026-03,790,2,0,408,0,0
2026-03,790,2,1,1193,2,0
2026-03,800,1,0,2784,1,0
2026-03,800,1,1,12487,6,0
2026-03,800,2,0,409,0,0
2026-03,800,2,1,1039,2,0
2026-03,810,1,0,2873,0,0
2026-03,810,1,1,12760,2,0
2026-03,810,2,0,393,0,0
2026-03,810,2,1,1007,1,0
2026-03,820,1,0,2944,0,0
2026-03,820,1,1,12855,2,0
2026-03,820,2,0,430,0,0
2026-03,820,2,1,1037,0,0
2026-03,830,1,0,2740,2,0
2026-03,830,1,1,12181,4,0
2026-03,830,2,0,393,0,0
2026-03,830,2,1,980,0,0
2026-03,840,1,0,2634,0,0
2026-03,840,1,1,11608,0,0
2026-03,840,2,0,357,0,0
2026-03,840,2,1,845,0,0
2026-03,850,1,0,2531,0,0
2026-03,850,1,1,11203,0,0
2026-03,850,2,0,372,0,0
2026-03,850,2,1,873,1,0
2026-03,860,1,0,2026,0,0
2026-03,860,1,1,8673,0,0
2026-03,860,2,0,273,0,0
2026-03,860,2,1,689,0,0
2026-03,870,1,0,1546,0,0
2026-03,870,1,1,6474,0,0
2026-03,870,2,0,237,0,0
2026-03,870,2,1,500,0,0
2026-03,880,1,0,839,1,0
2026-03,880,1,1,3452,2,0
2026-03,880,2,0,113,0,0
2026-03,880,2,1,301,0,0
2026-03,890,1,0,375,0,0
2026-03,890,1,1,1461,0,0
2026-03,890,2,0,46,0,0
2026-03,890,2,1,133,0,0
2026-04,660,1,1,2476,4,0
2026-04,660,2,1,332,1,0
2026-04,670,1,1,3040,2,0
2026-04,670,2,1,623,0,0
2026-04,680,1,1,3905,6,0
2026-04,680,2,1,1011,0,0
2026-04,690,1,1,4654,3,0
2026-04,690,2,1,1181,2,0
2026-04,700,1,1,9365,9,0
2026-04,700,2,1,1719,5,0
2026-04,710,1,1,9844,5,0
2026-04,710,2,1,1670,3,0
2026-04,720,1,1,10569,6,0
2026-04,720,2,1,1790,3,0
2026-04,730,1,1,11143,3,0
2026-04,730,2,1,1708,2,0
2026-04,740,1,1,14131,9,0
2026-04,740,2,1,1928,3,0
2026-04,750,1,1,13940,9,0
2026-04,750,2,1,1728,0,0
2026-04,760,1,1,13495,6,0
2026-04,760,2,1,1552,1,0
2026-04,770,1,1,13713,6,0
2026-04,770,2,1,1503,1,0
2026-04,780,1,1,13856,4,0
2026-04,780,2,1,1543,0,0
2026-04,790,1,1,14167,0,0
2026-04,790,2,1,1530,0,0
2026-04,800,1,1,14653,4,0
2026-04,800,2,1,1393,0,0
2026-04,810,1,1,14983,1,0
2026-04,810,2,1,1328,1,0
2026-04,820,1,1,15149,4,0
2026-04,820,2,1,1409,0,0
2026-04,830,1,1,14264,0,0
2026-04,830,2,1,1327,0,0
2026-04,840,1,1,13664,2,0
2026-04,840,2,1,1150,1,0
2026-04,850,1,1,13140,4,0
2026-04,850,2,1,1189,0,0
2026-04,860,1,1,10252,3,0
2026-04,860,2,1,925,0,0
2026-04,870,1,1,7678,0,0
2026-04,870,2,1,711,1,0
2026-04,880,1,1,4105,0,0
2026-04,880,2,1,399,0,0
2026-04,890,1,1,1764,0,0
2026-04,890,2,1,166,0,0
2026-05,650,1,1,1,0,0
2026-05,660,1,0,1251,0,0
2026-05,660,1,1,2375,3,0
2026-05,660,2,0,119,0,0
2026-05,660,2,1,319,0,0
2026-05,670,1,0,1447,0,0
2026-05,670,1,1,2945,4,0
2026-05,670,2,0,145,0,0
2026-05,670,2,1,614,1,0
2026-05,680,1,0,570,0,0
2026-05,680,1,1,3766,1,0
2026-05,680,2,0,96,0,0
2026-05,680,2,1,982,2,0
2026-05,690,1,0,638,1,0
2026-05,690,1,1,4498,4,0
2026-05,690,2,0,105,0,0
2026-05,690,2,1,1154,1,0
2026-05,700,1,0,1201,0,0
2026-05,700,1,1,9079,11,0
2026-05,700,2,0,285,0,0
2026-05,700,2,1,1674,1,0
2026-05,710,1,0,1329,0,0
2026-05,710,1,1,9511,7,0
2026-05,710,2,0,273,0,0
2026-05,710,2,1,1625,2,0
2026-05,720,1,0,1423,0,0
2026-05,720,1,1,10234,4,0
2026-05,720,2,0,111,0,0
2026-05,720,2,1,1729,4,0
2026-05,730,1,0,1415,0,0
2026-05,730,1,1,10752,2,0
2026-05,730,2,0,151,0,0
2026-05,730,2,1,1658,1,0
2026-05,740,1,0,2555,1,0
2026-05,740,1,1,13624,6,0
2026-05,740,2,0,522,0,0
2026-05,740,2,1,1862,0,0
2026-05,750,1,0,2406,0,0
2026-05,750,1,1,13409,6,0
2026-05,750,2,0,506,0,0
2026-05,750,2,1,1687,0,0
2026-05,760,1,0,2397,0,0
2026-05,760,1,1,13019,3,0
2026-05,760,2,0,471,0,0
2026-05,760,2,1,1493,1,0
2026-05,770,1,0,2400,0,0
2026-05,770,1,1,13231,4,0
2026-05,770,2,0,444,0,0
2026-05,770,2,1,1442,0,0
2026-05,780,1,0,2431,0,0
2026-05,780,1,1,13294,6,0
2026-05,780,2,0,468,0,0
2026-05,780,2,1,1499,1,0
2026-05,790,1,0,2438,1,0
2026-05,790,1,1,13573,3,0
2026-05,790,2,0,540,0,0
2026-05,790,2,1,1462,0,0
2026-05,800,1,0,2500,0,0
2026-05,800,1,1,14030,3,0
2026-05,800,2,0,599,0,0
2026-05,800,2,1,1356,0,0
2026-05,810,1,0,2539,1,0
2026-05,810,1,1,14332,4,0
2026-05,810,2,0,582,0,0
2026-05,810,2,1,1283,0,0
2026-05,820,1,0,2603,0,0
2026-05,820,1,1,14429,1,0
2026-05,820,2,0,466,0,0
2026-05,820,2,1,1362,0,0
2026-05,830,1,0,2569,0,0
2026-05,830,1,1,13660,2,0
2026-05,830,2,0,460,0,0
2026-05,830,2,1,1269,0,0
2026-05,840,1,0,2370,0,0
2026-05,840,1,1,13040,1,0
2026-05,840,2,0,431,0,0
2026-05,840,2,1,1110,0,0
2026-05,850,1,0,2337,0,0
2026-05,850,1,1,12543,1,0
2026-05,850,2,0,429,0,0
2026-05,850,2,1,1144,0,0
2026-05,860,1,0,1812,0,0
2026-05,860,1,1,9791,1,0
2026-05,860,2,0,329,0,0
2026-05,860,2,1,890,0,0
2026-05,870,1,0,1390,0,0
2026-05,870,1,1,7281,0,0
2026-05,870,2,0,243,0,0
2026-05,870,2,1,681,0,0
2026-05,880,1,0,829,0,0
2026-05,880,1,1,3944,0,0
2026-05,880,2,0,105,0,0
2026-05,880,2,1,378,0,0
2026-05,890,1,0,344,0,0
2026-05,890,1,1,1679,0,0
2026-05,890,2,0,56,1,0
2026-05,890,2,1,162,0,0
2026-06,650,1,1,1,0,0
2026-06,660,1,0,1232,0,0
2026-06,660,1,1,2042,1,0
2026-06,660,2,0,116,0,0
2026-06,660,2,1,305,0,0
2026-06,670,1,0,1426,0,0
2026-06,670,1,1,2518,0,0
2026-06,670,2,0,142,0,0
2026-06,670,2,1,593,2,0
2026-06,680,1,0,564,0,0
2026-06,680,1,1,3545,0,0
2026-06,680,2,0,95,0,0
2026-06,680,2,1,952,1,0
2026-06,690,1,0,626,0,0
2026-06,690,1,1,4226,1,0
2026-06,690,2,0,105,0,0
2026-06,690,2,1,1115,5,0
2026-06,700,1,0,1188,0,0
2026-06,700,1,1,8279,8,0
2026-06,700,2,0,282,0,0
2026-06,700,2,1,1607,0,0
2026-06,710,1,0,1310,0,0
2026-06,710,1,1,8714,5,0
2026-06,710,2,0,267,0,0
2026-06,710,2,1,1582,2,0
2026-06,720,1,0,1408,0,0
2026-06,720,1,1,9236,7,0
2026-06,720,2,0,111,0,0
2026-06,720,2,1,1661,2,0
2026-06,730,1,0,1400,0,0
2026-06,730,1,1,9725,6,0
2026-06,730,2,0,151,0,0
2026-06,730,2,1,1601,3,0
2026-06,740,1,0,2522,1,0
2026-06,740,1,1,12496,13,0
2026-06,740,2,0,516,1,0
2026-06,740,2,1,1770,0,0
2026-06,750,1,0,2372,2,0
2026-06,750,1,1,12255,10,0
2026-06,750,2,0,499,0,0
2026-06,750,2,1,1600,1,0
2026-06,760,1,0,2368,0,0
2026-06,760,1,1,11879,3,0
2026-06,760,2,0,467,0,0
2026-06,760,2,1,1417,1,0
2026-06,770,1,0,2370,0,0
2026-06,770,1,1,12041,4,0
2026-06,770,2,0,441,0,0
2026-06,770,2,1,1379,1,0
2026-06,780,1,0,2406,0,0
2026-06,780,1,1,12065,2,0
2026-06,780,2,0,462,0,0
2026-06,780,2,1,1422,1,0
2026-06,790,1,0,2403,0,0
2026-06,790,1,1,12337,3,0
2026-06,790,2,0,529,0,0
2026-06,790,2,1,1396,0,0
2026-06,800,1,0,2465,0,0
2026-06,800,1,1,12783,2,0
2026-06,800,2,0,592,0,0
2026-06,800,2,1,1285,0,0
2026-06,810,1,0,2507,1,0
2026-06,810,1,1,13006,2,0
2026-06,810,2,0,573,0,0
2026-06,810,2,1,1206,3,0
2026-06,820,1,0,2564,1,0
2026-06,820,1,1,13161,3,0
2026-06,820,2,0,461,0,0
2026-06,820,2,1,1260,0,0
2026-06,830,1,0,2537,0,0
2026-06,830,1,1,12410,4,0
2026-06,830,2,0,450,0,0
2026-06,830,2,1,1200,0,0
2026-06,840,1,0,2357,1,0
2026-06,840,1,1,11849,2,0
2026-06,840,2,0,423,0,0
2026-06,840,2,1,1050,0,0
2026-06,850,1,0,2316,0,0
2026-06,850,1,1,11451,2,0
2026-06,850,2,0,424,0,0
2026-06,850,2,1,1080,0,0
2026-06,860,1,0,1797,0,0
2026-06,860,1,1,8910,0,0
2026-06,860,2,0,325,0,0
2026-06,860,2,1,845,0,0
2026-06,870,1,0,1376,0,0
2026-06,870,1,1,6679,1,0
2026-06,870,2,0,241,0,0
2026-06,870,2,1,642,0,0
2026-06,880,1,0,823,0,0
2026-06,880,1,1,3606,0,0
2026-06,880,2,0,105,0,0
2026-06,880,2,1,359,0,0
2026-06,890,1,0,342,0,0
2026-06,890,1,1,1544,0,0
2026-06,890,2,0,54,0,0
2026-06,890,2,1,155,1,0
2026-07,650,1,1,1,0,0
2026-07,660,1,0,1215,0,0
2026-07,660,1,1,1977,2,0
2026-07,660,2,0,116,0,0
2026-07,660,2,1,293,2,0
2026-07,670,1,0,1400,2,0
2026-07,670,1,1,2430,4,0
2026-07,670,2,0,139,0,0
2026-07,670,2,1,565,0,0
2026-07,680,1,0,555,0,0
2026-07,680,1,1,3442,2,0
2026-07,680,2,0,94,0,0
2026-07,680,2,1,928,2,0
2026-07,690,1,0,619,0,0
2026-07,690,1,1,4105,2,0
2026-07,690,2,0,104,0,0
2026-07,690,2,1,1089,0,0
2026-07,700,1,0,1170,1,0
2026-07,700,1,1,7995,5,0
2026-07,700,2,0,278,1,0
2026-07,700,2,1,1562,4,0
2026-07,710,1,0,1292,0,0
2026-07,710,1,1,8458,9,0
2026-07,710,2,0,263,0,0
2026-07,710,2,1,1546,2,0
2026-07,720,1,0,1391,1,0
2026-07,720,1,1,8930,10,0
2026-07,720,2,0,107,0,0
2026-07,720,2,1,1611,1,0
2026-07,730,1,0,1374,0,0
2026-07,730,1,1,9410,6,0
2026-07,730,2,0,151,0,0
2026-07,730,2,1,1563,3,0
2026-07,740,1,0,2485,2,0
2026-07,740,1,1,12010,9,0
2026-07,740,2,0,512,0,0
2026-07,740,2,1,1727,1,0
2026-07,750,1,0,2331,1,0
2026-07,750,1,1,11824,7,0
2026-07,750,2,0,494,0,0
2026-07,750,2,1,1547,2,0
2026-07,760,1,0,2335,0,0
2026-07,760,1,1,11453,4,0
2026-07,760,2,0,463,0,0
2026-07,760,2,1,1360,1,0
2026-07,770,1,0,2337,0,0
2026-07,770,1,1,11609,5,0
2026-07,770,2,0,437,0,0
2026-07,770,2,1,1330,0,0
2026-07,780,1,0,2364,0,0
2026-07,780,1,1,11553,5,0
2026-07,780,2,0,455,1,0
2026-07,780,2,1,1379,0,0
2026-07,790,1,0,2367,0,0
2026-07,790,1,1,11816,3,0
2026-07,790,2,0,518,0,0
2026-07,790,2,1,1349,1,0
2026-07,800,1,0,2435,0,0
2026-07,800,1,1,12210,2,0
2026-07,800,2,0,583,0,0
2026-07,800,2,1,1248,1,0
2026-07,810,1,0,2465,1,0
2026-07,810,1,1,12401,3,0
2026-07,810,2,0,566,0,0
2026-07,810,2,1,1158,1,0
2026-07,820,1,0,2521,1,0
2026-07,820,1,1,12552,0,0
2026-07,820,2,0,452,0,0
2026-07,820,2,1,1215,0,0
2026-07,830,1,0,2492,0,0
2026-07,830,1,1,11878,0,0
2026-07,830,2,0,443,0,0
2026-07,830,2,1,1154,1,0
2026-07,840,1,0,2328,0,0
2026-07,840,1,1,11325,1,0
2026-07,840,2,0,419,0,0
2026-07,840,2,1,1012,0,0
2026-07,850,1,0,2285,0,0
2026-07,850,1,1,10950,2,0
2026-07,850,2,0,413,0,0
2026-07,850,2,1,1048,0,0
2026-07,860,1,0,1769,0,0
2026-07,860,1,1,8495,1,0
2026-07,860,2,0,320,0,0
2026-07,860,2,1,821,1,0
2026-07,870,1,0,1351,1,0
2026-07,870,1,1,6373,1,0
2026-07,870,2,0,237,0,0
2026-07,870,2,1,621,0,0
2026-07,880,1,0,818,0,0
2026-07,880,1,1,3459,0,0
2026-07,880,2,0,105,0,0
2026-07,880,2,1,344,0,0
2026-07,890,1,0,337,0,0
2026-07,890,1,1,1457,0,0
2026-07,890,2,0,54,0,0
2026-07,890,2,1,147,0,0
2026-08,650,1,1,1,0,0
2026-08,660,1,0,1195,0,0
2026-08,660,1,1,1900,2,0
2026-08,660,2,0,114,0,0
2026-08,660,2,1,281,1,0
2026-08,670,1,0,1375,0,0
2026-08,670,1,1,2347,2,0
2026-08,670,2,0,136,0,0
2026-08,670,2,1,550,0,0
2026-08,680,1,0,547,0,0
2026-08,680,1,1,3337,2,0
2026-08,680,2,0,93,0,0
2026-08,680,2,1,907,1,0
2026-08,690,1,0,612,0,0
2026-08,690,1,1,3980,2,0
2026-08,690,2,0,103,0,0
2026-08,690,2,1,1068,1,0
2026-08,700,1,0,1154,0,0
2026-08,700,1,1,7750,10,0
2026-08,700,2,0,274,0,0
2026-08,700,2,1,1517,5,0
2026-08,710,1,0,1268,0,0
2026-08,710,1,1,8196,9,0
2026-08,710,2,0,259,0,0
2026-08,710,2,1,1518,3,0
2026-08,720,1,0,1373,0,0
2026-08,720,1,1,8635,4,0
2026-08,720,2,0,100,0,0
2026-08,720,2,1,1571,0,0
2026-08,730,1,0,1358,1,0
2026-08,730,1,1,9101,5,0
2026-08,730,2,0,149,0,0
2026-08,730,2,1,1520,1,0
2026-08,740,1,0,2441,3,0
2026-08,740,1,1,11611,10,0
2026-08,740,2,0,502,0,0
2026-08,740,2,1,1667,3,0
2026-08,750,1,0,2300,1,0
2026-08,750,1,1,11383,12,0
2026-08,750,2,0,483,1,0
2026-08,750,2,1,1492,3,0
2026-08,760,1,0,2299,0,0
2026-08,760,1,1,11044,3,0
2026-08,760,2,0,452,1,0
2026-08,760,2,1,1321,1,0
2026-08,770,1,0,2302,2,0
2026-08,770,1,1,11188,3,0
2026-08,770,2,0,428,0,0
2026-08,770,2,1,1294,0,0
2026-08,780,1,0,2332,0,0
2026-08,780,1,1,11096,3,0
2026-08,780,2,0,446,1,0
2026-08,780,2,1,1336,1,0
2026-08,790,1,0,2341,0,0
2026-08,790,1,1,11310,6,0
2026-08,790,2,0,509,1,0
2026-08,790,2,1,1310,1,0
2026-08,800,1,0,2404,2,0
2026-08,800,1,1,11671,3,0
2026-08,800,2,0,569,0,0
2026-08,800,2,1,1200,1,0
2026-08,810,1,0,2427,1,0
2026-08,810,1,1,11838,1,0
2026-08,810,2,0,556,0,0
2026-08,810,2,1,1119,0,0
2026-08,820,1,0,2482,0,0
2026-08,820,1,1,11981,2,0
2026-08,820,2,0,445,0,0
2026-08,820,2,1,1181,0,0
2026-08,830,1,0,2450,2,0
2026-08,830,1,1,11326,5,0
2026-08,830,2,0,440,0,0
2026-08,830,2,1,1116,0,0
2026-08,840,1,0,2289,0,0
2026-08,840,1,1,10779,1,0
2026-08,840,2,0,412,1,0
2026-08,840,2,1,977,0,0
2026-08,850,1,0,2256,0,0
2026-08,850,1,1,10450,1,0
2026-08,850,2,0,412,0,0
2026-08,850,2,1,1014,1,0
2026-08,860,1,0,1741,0,0
2026-08,860,1,1,8086,1,0
2026-08,860,2,0,313,0,0
2026-08,860,2,1,797,0,0
2026-08,870,1,0,1333,0,0
2026-08,870,1,1,6105,1,0
2026-08,870,2,0,234,0,0
2026-08,870,2,1,604,0,0
2026-08,880,1,0,813,0,0
2026-08,880,1,1,3312,0,0
2026-08,880,2,0,104,0,0
2026-08,880,2,1,329,0,0
2026-08,890,1,0,335,0,0
2026-08,890,1,1,1401,0,0
2026-08,890,2,0,54,0,0
2026-08,890,2,1,142,0,0
